2011 3 11 0 18 2.6399 30.057 272.37
2011 3 11 0 18 3.6399 30.123 272.36
2011 3 11 0 18 4.6399 30.19 272.34
2011 3 11 0 18 5.6399 30.256 272.33
2011 3 11 0 18 6.6399 30.323 272.31
2011 3 11 0 18 7.6399 30.389 272.3
2011 3 11 0 18 8.6399 30.456 272.29
2011 3 11 0 18 9.6399 30.523 272.27
2011 3 11 0 18 10.64 30.589 272.26
2011 3 11 0 18 11.64 30.656 272.24
2011 3 11 0 18 12.64 30.722 272.23
2011 3 11 0 18 13.64 30.789 272.21
2011 3 11 0 18 14.64 30.855 272.2
2011 3 11 0 18 15.64 30.922 272.18
2011 3 11 0 18 16.64 30.988 272.17
2011 3 11 0 18 17.64 31.055 272.15
2011 3 11 0 18 18.64 31.121 272.14
2011 3 11 0 18 19.64 31.188 272.13
2011 3 11 0 18 20.64 31.254 272.11
2011 3 11 0 18 21.64 31.321 272.1
2011 3 11 0 18 22.64 31.387 272.08
2011 3 11 0 18 23.64 31.454 272.07
2011 3 11 0 18 24.64 31.521 272.05
2011 3 11 0 18 25.64 31.587 272.04
2011 3 11 0 18 26.64 31.654 272.02
2011 3 11 0 18 27.64 31.72 272.01
2011 3 11 0 18 28.64 31.787 271.99
2011 3 11 0 18 29.64 31.853 271.98
2011 3 11 0 18 30.64 31.92 271.96
2011 3 11 0 18 31.64 31.986 271.95
2011 3 11 0 18 32.64 32.053 271.93
2011 3 11 0 18 33.64 32.119 271.92
2011 3 11 0 18 34.64 32.186 271.9
2011 3 11 0 18 35.64 32.252 271.89
2011 3 11 0 18 36.64 32.319 271.87
2011 3 11 0 18 37.64 32.385 271.86
2011 3 11 0 18 38.64 32.452 271.84
2011 3 11 0 18 39.64 32.518 271.83
2011 3 11 0 18 40.64 32.585 271.81
2011 3 11 0 18 41.64 32.651 271.8
2011 3 11 0 18 42.64 32.718 271.78
2011 3 11 0 18 43.64 32.784 271.77
2011 3 11 0 18 44.64 32.85 271.75
2011 3 11 0 18 45.64 32.917 271.74
2011 3 11 0 18 46.64 32.983 271.72
2011 3 11 0 18 47.64 33.05 271.71
2011 3 11 0 18 48.64 33.116 271.69
2011 3 11 0 18 49.64 33.183 271.68
2011 3 11 0 18 50.64 33.249 271.66
2011 3 11 0 18 51.64 33.316 271.65
2011 3 11 0 18 52.64 33.382 271.63
2011 3 11 0 18 53.64 33.449 271.62
2011 3 11 0 18 54.64 33.515 271.6
2011 3 11 0 18 55.64 33.582 271.59
2011 3 11 0 18 56.64 33.648 271.57
2011 3 11 0 18 57.64 33.715 271.56
2011 3 11 0 18 58.64 33.781 271.54
2011 3 11 0 18 59.64 33.848 271.52
2011 3 11 0 19 0.6399 33.914 271.51
2011 3 11 0 19 1.6399 33.98 271.49
2011 3 11 0 19 2.6399 34.047 271.48
2011 3 11 0 19 3.6399 34.113 271.46
2011 3 11 0 19 4.6399 34.18 271.45
2011 3 11 0 19 5.6399 34.246 271.43
2011 3 11 0 19 6.6399 34.313 271.42
2011 3 11 0 19 7.6399 34.379 271.4
2011 3 11 0 19 8.6399 34.446 271.39
2011 3 11 0 19 9.6399 34.512 271.37
2011 3 11 0 19 10.64 34.578 271.35
2011 3 11 0 19 11.64 34.645 271.34
2011 3 11 0 19 12.64 34.711 271.32
2011 3 11 0 19 13.64 34.778 271.31
2011 3 11 0 19 14.64 34.844 271.29
2011 3 11 0 19 15.64 34.911 271.28
2011 3 11 0 19 16.64 34.977 271.26
2011 3 11 0 19 17.64 35.043 271.25
2011 3 11 0 19 18.64 35.11 271.23
2011 3 11 0 19 19.64 35.176 271.21
2011 3 11 0 19 20.64 35.243 271.2
2011 3 11 0 19 21.64 35.309 271.18
2011 3 11 0 19 22.64 35.375 271.17
2011 3 11 0 19 23.64 35.442 271.15
2011 3 11 0 19 24.64 35.508 271.14
2011 3 11 0 19 25.64 35.575 271.12
2011 3 11 0 19 26.64 35.641 271.1
2011 3 11 0 19 27.64 35.708 271.09
2011 3 11 0 19 28.64 35.774 271.07
2011 3 11 0 19 29.64 35.84 271.06
2011 3 11 0 19 30.64 35.907 271.04
2011 3 11 0 19 31.64 35.973 271.02
2011 3 11 0 19 32.64 36.039 271.01
2011 3 11 0 19 33.64 36.106 270.99
2011 3 11 0 19 34.64 36.172 270.98
2011 3 11 0 19 35.64 36.239 270.96
2011 3 11 0 19 36.64 36.305 270.94
2011 3 11 0 19 37.64 36.371 270.93
2011 3 11 0 19 38.64 36.438 270.91
2011 3 11 0 19 39.64 36.504 270.9
2011 3 11 0 19 40.64 36.571 270.88
2011 3 11 0 19 41.64 36.637 270.86
2011 3 11 0 19 42.64 36.703 270.85
2011 3 11 0 19 43.64 36.77 270.83
2011 3 11 0 19 44.64 36.836 270.82
2011 3 11 0 19 45.64 36.902 270.8
2011 3 11 0 19 46.64 36.969 270.78
2011 3 11 0 19 47.64 37.035 270.77
2011 3 11 0 19 48.64 37.101 270.75
2011 3 11 0 19 49.64 37.168 270.73
2011 3 11 0 19 50.64 37.234 270.72
2011 3 11 0 19 51.64 37.301 270.7
2011 3 11 0 19 52.64 37.367 270.69
2011 3 11 0 19 53.64 37.433 270.67
2011 3 11 0 19 54.64 37.5 270.65
2011 3 11 0 19 55.64 37.566 270.64
2011 3 11 0 19 56.64 37.632 270.62
2011 3 11 0 19 57.64 37.699 270.6
2011 3 11 0 19 58.64 37.765 270.59
2011 3 11 0 19 59.64 37.831 270.57
2011 3 11 0 20 0.6399 37.898 270.55
2011 3 11 0 20 1.6399 37.964 270.54
2011 3 11 0 20 2.6399 38.03 270.52
2011 3 11 0 20 3.6399 38.097 270.5
2011 3 11 0 20 4.6399 38.163 270.49
2011 3 11 0 20 5.6399 38.229 270.47
2011 3 11 0 20 6.6399 38.296 270.45
2011 3 11 0 20 7.6399 38.362 270.44
2011 3 11 0 20 8.6399 38.428 270.42
2011 3 11 0 20 9.6399 38.495 270.4
2011 3 11 0 20 10.64 38.561 270.39
2011 3 11 0 20 11.64 38.627 270.37
2011 3 11 0 20 12.64 38.693 270.35
2011 3 11 0 20 13.64 38.76 270.34
2011 3 11 0 20 14.64 38.826 270.32
2011 3 11 0 20 15.64 38.892 270.3
2011 3 11 0 20 16.64 38.959 270.29
2011 3 11 0 20 17.64 39.025 270.27
2011 3 11 0 20 18.64 39.091 270.25
2011 3 11 0 20 19.64 39.158 270.24
2011 3 11 0 20 20.64 39.224 270.22
2011 3 11 0 20 21.64 39.29 270.2
2011 3 11 0 20 22.64 39.356 270.18
2011 3 11 0 20 23.64 39.423 270.17
2011 3 11 0 20 24.64 39.489 270.15
2011 3 11 0 20 25.64 39.555 270.13
2011 3 11 0 20 26.64 39.621 270.12
2011 3 11 0 20 27.64 39.688 270.1
2011 3 11 0 20 28.64 39.754 270.08
2011 3 11 0 20 29.64 39.82 270.06
2011 3 11 0 20 30.64 39.887 270.05
2011 3 11 0 20 31.64 39.953 270.03
2011 3 11 0 20 32.64 40.019 270.01
2011 3 11 0 20 33.64 40.085 270
2011 3 11 0 20 34.64 40.152 269.98
2011 3 11 0 20 35.64 40.218 269.96
2011 3 11 0 20 36.64 40.284 269.94
2011 3 11 0 20 37.64 40.35 269.93
2011 3 11 0 20 38.64 40.417 269.91
2011 3 11 0 20 39.64 40.483 269.89
2011 3 11 0 20 40.64 40.549 269.87
2011 3 11 0 20 41.64 40.615 269.86
2011 3 11 0 20 42.64 40.682 269.84
2011 3 11 0 20 43.64 40.748 269.82
2011 3 11 0 20 44.64 40.814 269.8
2011 3 11 0 20 45.64 40.88 269.79
2011 3 11 0 20 46.64 40.946 269.77
2011 3 11 0 20 47.64 41.013 269.75
2011 3 11 0 20 48.64 41.079 269.73
2011 3 11 0 20 49.64 41.145 269.72
2011 3 11 0 20 50.64 41.211 269.7
2011 3 11 0 20 51.64 41.278 269.68
2011 3 11 0 20 52.64 41.344 269.66
2011 3 11 0 20 53.64 41.41 269.64
2011 3 11 0 20 54.64 41.476 269.63
2011 3 11 0 20 55.64 41.542 269.61
2011 3 11 0 20 56.64 41.609 269.59
2011 3 11 0 20 57.64 41.675 269.57
2011 3 11 0 20 58.64 41.741 269.55
2011 3 11 0 20 59.64 41.807 269.54
2011 3 11 0 21 0.6399 41.873 269.52
2011 3 11 0 21 1.6399 41.94 269.5
2011 3 11 0 21 2.6399 42.006 269.48
2011 3 11 0 21 3.6399 42.072 269.46
2011 3 11 0 21 4.6399 42.138 269.45
2011 3 11 0 21 5.6399 42.204 269.43
2011 3 11 0 21 6.6399 42.27 269.41
2011 3 11 0 21 7.6399 42.337 269.39
2011 3 11 0 21 8.6399 42.403 269.37
2011 3 11 0 21 9.6399 42.469 269.35
2011 3 11 0 21 10.64 42.535 269.34
2011 3 11 0 21 11.64 42.601 269.32
2011 3 11 0 21 12.64 42.667 269.3
2011 3 11 0 21 13.64 42.734 269.28
2011 3 11 0 21 14.64 42.8 269.26
2011 3 11 0 21 15.64 42.866 269.24
2011 3 11 0 21 16.64 42.932 269.23
2011 3 11 0 21 17.64 42.998 269.21
2011 3 11 0 21 18.64 43.064 269.19
2011 3 11 0 21 19.64 43.13 269.17
2011 3 11 0 21 20.64 43.197 269.15
2011 3 11 0 21 21.64 43.263 269.13
2011 3 11 0 21 22.64 43.329 269.11
2011 3 11 0 21 23.64 43.395 269.1
2011 3 11 0 21 24.64 43.461 269.08
2011 3 11 0 21 25.64 43.527 269.06
2011 3 11 0 21 26.64 43.593 269.04
2011 3 11 0 21 27.64 43.659 269.02
2011 3 11 0 21 28.64 43.726 269
2011 3 11 0 21 29.64 43.792 268.98
2011 3 11 0 21 30.64 43.858 268.96
2011 3 11 0 21 31.64 43.924 268.94
2011 3 11 0 21 32.64 43.99 268.93
2011 3 11 0 21 33.64 44.056 268.91
2011 3 11 0 21 34.64 44.122 268.89
2011 3 11 0 21 35.64 44.188 268.87
2011 3 11 0 21 36.64 44.254 268.85
2011 3 11 0 21 37.64 44.32 268.83
2011 3 11 0 21 38.64 44.387 268.81
2011 3 11 0 21 39.64 44.453 268.79
2011 3 11 0 21 40.64 44.519 268.77
2011 3 11 0 21 41.64 44.585 268.75
2011 3 11 0 21 42.64 44.651 268.73
2011 3 11 0 21 43.64 44.717 268.71
2011 3 11 0 21 44.64 44.783 268.69
2011 3 11 0 21 45.64 44.849 268.68
2011 3 11 0 21 46.64 44.915 268.66
2011 3 11 0 21 47.64 44.981 268.64
2011 3 11 0 21 48.64 45.047 268.62
2011 3 11 0 21 49.64 45.113 268.6
2011 3 11 0 21 50.64 45.179 268.58
2011 3 11 0 21 51.64 45.245 268.56
2011 3 11 0 21 52.64 45.311 268.54
2011 3 11 0 21 53.64 45.378 268.52
2011 3 11 0 21 54.64 45.444 268.5
2011 3 11 0 21 55.64 45.51 268.48
2011 3 11 0 21 56.64 45.576 268.46
2011 3 11 0 21 57.64 45.642 268.44
2011 3 11 0 21 58.64 45.708 268.42
2011 3 11 0 21 59.64 45.774 268.4
2011 3 11 0 22 0.6399 45.84 268.38
2011 3 11 0 22 1.6399 45.906 268.36
2011 3 11 0 22 2.6399 45.972 268.34
2011 3 11 0 22 3.6399 46.038 268.32
2011 3 11 0 22 4.6399 46.104 268.3
2011 3 11 0 22 5.6399 46.17 268.28
2011 3 11 0 22 6.6399 46.236 268.26
2011 3 11 0 22 7.6399 46.302 268.24
2011 3 11 0 22 8.6399 46.368 268.22
2011 3 11 0 22 9.6399 46.434 268.2
2011 3 11 0 22 10.64 46.5 268.18
2011 3 11 0 22 11.64 46.566 268.16
2011 3 11 0 22 12.64 46.632 268.14
2011 3 11 0 22 13.64 46.698 268.12
2011 3 11 0 22 14.64 46.764 268.1
2011 3 11 0 22 15.64 46.83 268.08
2011 3 11 0 22 16.64 46.896 268.05
2011 3 11 0 22 17.64 46.962 268.03
2011 3 11 0 22 18.64 47.028 268.01
2011 3 11 0 22 19.64 47.093 267.99
2011 3 11 0 22 20.64 47.159 267.97
2011 3 11 0 22 21.64 47.225 267.95
2011 3 11 0 22 22.64 47.291 267.93
2011 3 11 0 22 23.64 47.357 267.91
2011 3 11 0 22 24.64 47.423 267.89
2011 3 11 0 22 25.64 47.489 267.87
2011 3 11 0 22 26.64 47.555 267.85
2011 3 11 0 22 27.64 47.621 267.83
2011 3 11 0 22 28.64 47.687 267.8
2011 3 11 0 22 29.64 47.753 267.78
2011 3 11 0 22 30.64 47.819 267.76
2011 3 11 0 22 31.64 47.885 267.74
2011 3 11 0 22 32.64 47.951 267.72
2011 3 11 0 22 33.64 48.017 267.7
2011 3 11 0 22 34.64 48.082 267.68
2011 3 11 0 22 35.64 48.148 267.66
2011 3 11 0 22 36.64 48.214 267.63
2011 3 11 0 22 37.64 48.28 267.61
2011 3 11 0 22 38.64 48.346 267.59
2011 3 11 0 22 39.64 48.412 267.57
2011 3 11 0 22 40.64 48.478 267.55
2011 3 11 0 22 41.64 48.544 267.53
2011 3 11 0 22 42.64 48.61 267.5
2011 3 11 0 22 43.64 48.675 267.48
2011 3 11 0 22 44.64 48.741 267.46
2011 3 11 0 22 45.64 48.807 267.44
2011 3 11 0 22 46.64 48.873 267.42
2011 3 11 0 22 47.64 48.939 267.39
2011 3 11 0 22 48.64 49.005 267.37
2011 3 11 0 22 49.64 49.071 267.35
2011 3 11 0 22 50.64 49.136 267.33
2011 3 11 0 22 51.64 49.202 267.31
2011 3 11 0 22 52.64 49.268 267.28
2011 3 11 0 22 53.64 49.334 267.26
2011 3 11 0 22 54.64 49.4 267.24
2011 3 11 0 22 55.64 49.466 267.22
2011 3 11 0 22 56.64 49.532 267.19
2011 3 11 0 22 57.64 49.597 267.17
2011 3 11 0 22 58.64 49.663 267.15
2011 3 11 0 22 59.64 49.729 267.13
2011 3 11 0 23 0.6399 49.795 267.1
2011 3 11 0 23 1.6399 49.861 267.08
2011 3 11 0 23 2.6399 49.926 267.06
2011 3 11 0 23 3.6399 49.992 267.04
2011 3 11 0 23 4.6399 50.058 267.01
2011 3 11 0 23 5.6399 50.124 266.99
2011 3 11 0 23 6.6399 50.19 266.97
2011 3 11 0 23 7.6399 50.255 266.95
2011 3 11 0 23 8.6399 50.321 266.92
2011 3 11 0 23 9.6399 50.387 266.9
2011 3 11 0 23 10.64 50.453 266.88
2011 3 11 0 23 11.64 50.518 266.85
2011 3 11 0 23 12.64 50.584 266.83
2011 3 11 0 23 13.64 50.65 266.81
2011 3 11 0 23 14.64 50.716 266.78
2011 3 11 0 23 15.64 50.782 266.76
2011 3 11 0 23 16.64 50.847 266.74
2011 3 11 0 23 17.64 50.913 266.71
2011 3 11 0 23 18.64 50.979 266.69
2011 3 11 0 23 19.64 51.044 266.67
2011 3 11 0 23 20.64 51.11 266.64
2011 3 11 0 23 21.64 51.176 266.62
2011 3 11 0 23 22.64 51.242 266.6
2011 3 11 0 23 23.64 51.307 266.57
2011 3 11 0 23 24.64 51.373 266.55
2011 3 11 0 23 25.64 51.439 266.52
2011 3 11 0 23 26.64 51.505 266.5
2011 3 11 0 23 27.64 51.57 266.48
2011 3 11 0 23 28.64 51.636 266.45
2011 3 11 0 23 29.64 51.702 266.43
2011 3 11 0 23 30.64 51.767 266.4
2011 3 11 0 23 31.64 51.833 266.38
2011 3 11 0 23 32.64 51.899 266.35
2011 3 11 0 23 33.64 51.964 266.33
2011 3 11 0 23 34.64 52.03 266.31
2011 3 11 0 23 35.64 52.096 266.28
2011 3 11 0 23 36.64 52.161 266.26
2011 3 11 0 23 37.64 52.227 266.23
2011 3 11 0 23 38.64 52.293 266.21
2011 3 11 0 23 39.64 52.358 266.18
2011 3 11 0 23 40.64 52.424 266.16
2011 3 11 0 23 41.64 52.49 266.13
2011 3 11 0 23 42.64 52.555 266.11
2011 3 11 0 23 43.64 52.621 266.08
2011 3 11 0 23 44.64 52.687 266.06
2011 3 11 0 23 45.64 52.752 266.03
2011 3 11 0 23 46.64 52.818 266.01
2011 3 11 0 23 47.64 52.883 265.98
2011 3 11 0 23 48.64 52.949 265.96
2011 3 11 0 23 49.64 53.015 265.93
2011 3 11 0 23 50.64 53.08 265.91
2011 3 11 0 23 51.64 53.146 265.88
2011 3 11 0 23 52.64 53.211 265.86
2011 3 11 0 23 53.64 53.277 265.83
2011 3 11 0 23 54.64 53.343 265.8
2011 3 11 0 23 55.64 53.408 265.78
2011 3 11 0 23 56.64 53.474 265.75
2011 3 11 0 23 57.64 53.539 265.73
2011 3 11 0 23 58.64 53.605 265.7
2011 3 11 0 23 59.64 53.67 265.68
2011 3 11 0 24 0.6399 53.736 265.65
2011 3 11 0 24 1.6399 53.802 265.62
2011 3 11 0 24 2.6399 53.867 265.6
2011 3 11 0 24 3.6399 53.933 265.57
2011 3 11 0 24 4.6399 53.998 265.54
2011 3 11 0 24 5.6399 54.064 265.52
2011 3 11 0 24 6.6399 54.129 265.49
2011 3 11 0 24 7.6399 54.195 265.46
2011 3 11 0 24 8.6399 54.26 265.44
2011 3 11 0 24 9.6399 54.326 265.41
2011 3 11 0 24 10.64 54.391 265.38
2011 3 11 0 24 11.64 54.457 265.36
2011 3 11 0 24 12.64 54.522 265.33
2011 3 11 0 24 13.64 54.588 265.3
2011 3 11 0 24 14.64 54.653 265.28
2011 3 11 0 24 15.64 54.719 265.25
2011 3 11 0 24 16.64 54.784 265.22
2011 3 11 0 24 17.64 54.85 265.2
2011 3 11 0 24 18.64 54.915 265.17
2011 3 11 0 24 19.64 54.981 265.14
2011 3 11 0 24 20.64 55.046 265.11
2011 3 11 0 24 21.64 55.111 265.09
2011 3 11 0 24 22.64 55.177 265.06
2011 3 11 0 24 23.64 55.242 265.03
2011 3 11 0 24 24.64 55.308 265
2011 3 11 0 24 25.64 55.373 264.97
2011 3 11 0 24 26.64 55.439 264.95
2011 3 11 0 24 27.64 55.504 264.92
2011 3 11 0 24 28.64 55.569 264.89
2011 3 11 0 24 29.64 55.635 264.86
2011 3 11 0 24 30.64 55.7 264.83
2011 3 11 0 24 31.64 55.766 264.81
2011 3 11 0 24 32.64 55.831 264.78
2011 3 11 0 24 33.64 55.896 264.75
2011 3 11 0 24 34.64 55.962 264.72
2011 3 11 0 24 35.64 56.027 264.69
2011 3 11 0 24 36.64 56.092 264.66
2011 3 11 0 24 37.64 56.158 264.63
2011 3 11 0 24 38.64 56.223 264.6
2011 3 11 0 24 39.64 56.288 264.58
2011 3 11 0 24 40.64 56.354 264.55
2011 3 11 0 24 41.64 56.419 264.52
2011 3 11 0 24 42.64 56.484 264.49
2011 3 11 0 24 43.64 56.55 264.46
2011 3 11 0 24 44.64 56.615 264.43
2011 3 11 0 24 45.64 56.68 264.4
2011 3 11 0 24 46.64 56.746 264.37
2011 3 11 0 24 47.64 56.811 264.34
2011 3 11 0 24 48.64 56.876 264.31
2011 3 11 0 24 49.64 56.942 264.28
2011 3 11 0 24 50.64 57.007 264.25
2011 3 11 0 24 51.64 57.072 264.22
2011 3 11 0 24 52.64 57.137 264.19
2011 3 11 0 24 53.64 57.203 264.16
2011 3 11 0 24 54.64 57.268 264.13
2011 3 11 0 24 55.64 57.333 264.1
2011 3 11 0 24 56.64 57.398 264.07
2011 3 11 0 24 57.64 57.464 264.04
2011 3 11 0 24 58.64 57.529 264.01
2011 3 11 0 24 59.64 57.594 263.98
2011 3 11 0 25 0.6399 57.659 263.95
2011 3 11 0 25 1.6399 57.725 263.91
2011 3 11 0 25 2.6399 57.79 263.88
2011 3 11 0 25 3.6399 57.855 263.85
2011 3 11 0 25 4.6399 57.92 263.82
2011 3 11 0 25 5.6399 57.985 263.79
2011 3 11 0 25 6.6399 58.051 263.76
2011 3 11 0 25 7.6399 58.116 263.73
2011 3 11 0 25 8.6399 58.181 263.69
2011 3 11 0 25 9.6399 58.246 263.66
2011 3 11 0 25 10.64 58.311 263.63
2011 3 11 0 25 11.64 58.376 263.6
2011 3 11 0 25 12.64 58.441 263.57
2011 3 11 0 25 13.64 58.507 263.53
2011 3 11 0 25 14.64 58.572 263.5
2011 3 11 0 25 15.64 58.637 263.47
2011 3 11 0 25 16.64 58.702 263.44
2011 3 11 0 25 17.64 58.767 263.4
2011 3 11 0 25 18.64 58.832 263.37
2011 3 11 0 25 19.64 58.897 263.34
2011 3 11 0 25 20.64 58.962 263.31
2011 3 11 0 25 21.64 59.027 263.27
2011 3 11 0 25 22.64 59.092 263.24
2011 3 11 0 25 23.64 59.157 263.21
2011 3 11 0 25 24.64 59.223 263.17
2011 3 11 0 25 25.64 59.288 263.14
2011 3 11 0 25 26.64 59.353 263.11
2011 3 11 0 25 27.64 59.418 263.07
2011 3 11 0 25 28.64 59.483 263.04
2011 3 11 0 25 29.64 59.548 263
2011 3 11 0 25 30.64 59.613 262.97
2011 3 11 0 25 31.64 59.678 262.94
2011 3 11 0 25 32.64 59.743 262.9
2011 3 11 0 25 33.64 59.808 262.87
2011 3 11 0 25 34.64 59.873 262.83
2011 3 11 0 25 35.64 59.938 262.8
2011 3 11 0 25 36.64 60.003 262.76
2011 3 11 0 25 37.64 60.067 262.73
2011 3 11 0 25 38.64 60.132 262.69
2011 3 11 0 25 39.64 60.197 262.66
2011 3 11 0 25 40.64 60.262 262.62
2011 3 11 0 25 41.64 60.327 262.59
2011 3 11 0 25 42.64 60.392 262.55
2011 3 11 0 25 43.64 60.457 262.52
2011 3 11 0 25 44.64 60.522 262.48
2011 3 11 0 25 45.64 60.587 262.45
2011 3 11 0 25 46.64 60.652 262.41
2011 3 11 0 25 47.64 60.717 262.37
2011 3 11 0 25 48.64 60.781 262.34
2011 3 11 0 25 49.64 60.846 262.3
2011 3 11 0 25 50.64 60.911 262.26
2011 3 11 0 25 51.64 60.976 262.23
2011 3 11 0 25 52.64 61.041 262.19
2011 3 11 0 25 53.64 61.106 262.15
2011 3 11 0 25 54.64 61.17 262.12
2011 3 11 0 25 55.64 61.235 262.08
2011 3 11 0 25 56.64 61.3 262.04
2011 3 11 0 25 57.64 61.365 262
2011 3 11 0 25 58.64 61.43 261.97
2011 3 11 0 25 59.64 61.494 261.93
2011 3 11 0 26 0.6399 61.559 261.89
2011 3 11 0 26 1.6399 61.624 261.85
2011 3 11 0 26 2.6399 61.689 261.81
2011 3 11 0 26 3.6399 61.753 261.78
2011 3 11 0 26 4.6399 61.818 261.74
2011 3 11 0 26 5.6399 61.883 261.7
2011 3 11 0 26 6.6399 61.947 261.66
2011 3 11 0 26 7.6399 62.012 261.62
2011 3 11 0 26 8.6399 62.077 261.58
2011 3 11 0 26 9.6399 62.141 261.54
2011 3 11 0 26 10.64 62.206 261.5
2011 3 11 0 26 11.64 62.271 261.46
2011 3 11 0 26 12.64 62.335 261.43
2011 3 11 0 26 13.64 62.4 261.39
2011 3 11 0 26 14.64 62.465 261.35
2011 3 11 0 26 15.64 62.529 261.31
2011 3 11 0 26 16.64 62.594 261.27
2011 3 11 0 26 17.64 62.658 261.22
2011 3 11 0 26 18.64 62.723 261.18
2011 3 11 0 26 19.64 62.788 261.14
2011 3 11 0 26 20.64 62.852 261.1
2011 3 11 0 26 21.64 62.917 261.06
2011 3 11 0 26 22.64 62.981 261.02
2011 3 11 0 26 23.64 63.046 260.98
2011 3 11 0 26 24.64 63.11 260.94
2011 3 11 0 26 25.64 63.175 260.9
2011 3 11 0 26 26.64 63.239 260.85
2011 3 11 0 26 27.64 63.304 260.81
2011 3 11 0 26 28.64 63.368 260.77
2011 3 11 0 26 29.64 63.433 260.73
2011 3 11 0 26 30.64 63.497 260.68
2011 3 11 0 26 31.64 63.562 260.64
2011 3 11 0 26 32.64 63.626 260.6
2011 3 11 0 26 33.64 63.691 260.56
2011 3 11 0 26 34.64 63.755 260.51
2011 3 11 0 26 35.64 63.819 260.47
2011 3 11 0 26 36.64 63.884 260.43
2011 3 11 0 26 37.64 63.948 260.38
2011 3 11 0 26 38.64 64.012 260.34
2011 3 11 0 26 39.64 64.077 260.29
2011 3 11 0 26 40.64 64.141 260.25
2011 3 11 0 26 41.64 64.205 260.2
2011 3 11 0 26 42.64 64.27 260.16
2011 3 11 0 26 43.64 64.334 260.12
2011 3 11 0 26 44.64 64.398 260.07
2011 3 11 0 26 45.64 64.463 260.02
2011 3 11 0 26 46.64 64.527 259.98
2011 3 11 0 26 47.64 64.591 259.93
2011 3 11 0 26 48.64 64.655 259.89
2011 3 11 0 26 49.64 64.72 259.84
2011 3 11 0 26 50.64 64.784 259.8
2011 3 11 0 26 51.64 64.848 259.75
2011 3 11 0 26 52.64 64.912 259.7
2011 3 11 0 26 53.64 64.977 259.66
2011 3 11 0 26 54.64 65.041 259.61
2011 3 11 0 26 55.64 65.105 259.56
2011 3 11 0 26 56.64 65.169 259.51
2011 3 11 0 26 57.64 65.233 259.47
2011 3 11 0 26 58.64 65.297 259.42
2011 3 11 0 26 59.64 65.361 259.37
2011 3 11 0 27 0.6399 65.425 259.32
2011 3 11 0 27 1.6399 65.489 259.27
2011 3 11 0 27 2.6399 65.554 259.22
2011 3 11 0 27 3.6399 65.618 259.17
2011 3 11 0 27 4.6399 65.682 259.13
2011 3 11 0 27 5.6399 65.746 259.08
2011 3 11 0 27 6.6399 65.81 259.03
2011 3 11 0 27 7.6399 65.874 258.98
2011 3 11 0 27 8.6399 65.938 258.93
2011 3 11 0 27 9.6399 66.002 258.88
2011 3 11 0 27 10.64 66.066 258.83
2011 3 11 0 27 11.64 66.129 258.77
2011 3 11 0 27 12.64 66.193 258.72
2011 3 11 0 27 13.64 66.257 258.67
2011 3 11 0 27 14.64 66.321 258.62
2011 3 11 0 27 15.64 66.385 258.57
2011 3 11 0 27 16.64 66.449 258.52
2011 3 11 0 27 17.64 66.513 258.47
2011 3 11 0 27 18.64 66.577 258.41
2011 3 11 0 27 19.64 66.64 258.36
2011 3 11 0 27 20.64 66.704 258.31
2011 3 11 0 27 21.64 66.768 258.25
2011 3 11 0 27 22.64 66.832 258.2
2011 3 11 0 27 23.64 66.895 258.15
2011 3 11 0 27 24.64 66.959 258.09
2011 3 11 0 27 25.64 67.023 258.04
2011 3 11 0 27 26.64 67.087 257.98
2011 3 11 0 27 27.64 67.15 257.93
2011 3 11 0 27 28.64 67.214 257.87
2011 3 11 0 27 29.64 67.278 257.82
2011 3 11 0 27 30.64 67.341 257.76
2011 3 11 0 27 31.64 67.405 257.71
2011 3 11 0 27 32.64 67.468 257.65
2011 3 11 0 27 33.64 67.532 257.59
2011 3 11 0 27 34.64 67.596 257.54
2011 3 11 0 27 35.64 67.659 257.48
2011 3 11 0 27 36.64 67.723 257.42
2011 3 11 0 27 37.64 67.786 257.37
2011 3 11 0 27 38.64 67.85 257.31
2011 3 11 0 27 39.64 67.913 257.25
2011 3 11 0 27 40.64 67.977 257.19
2011 3 11 0 27 41.64 68.04 257.13
2011 3 11 0 27 42.64 68.103 257.07
2011 3 11 0 27 43.64 68.167 257.01
2011 3 11 0 27 44.64 68.23 256.95
2011 3 11 0 27 45.64 68.294 256.89
2011 3 11 0 27 46.64 68.357 256.83
2011 3 11 0 27 47.64 68.42 256.77
2011 3 11 0 27 48.64 68.484 256.71
2011 3 11 0 27 49.64 68.547 256.65
2011 3 11 0 27 50.64 68.61 256.59
2011 3 11 0 27 51.64 68.673 256.53
2011 3 11 0 27 52.64 68.737 256.47
2011 3 11 0 27 53.64 68.8 256.4
2011 3 11 0 27 54.64 68.863 256.34
2011 3 11 0 27 55.64 68.926 256.28
2011 3 11 0 27 56.64 68.989 256.21
2011 3 11 0 27 57.64 69.052 256.15
2011 3 11 0 27 58.64 69.115 256.09
2011 3 11 0 27 59.64 69.179 256.02
2011 3 11 0 28 0.6399 69.242 255.96
2011 3 11 0 28 1.6399 69.305 255.89
2011 3 11 0 28 2.6399 69.368 255.82
2011 3 11 0 28 3.6399 69.431 255.76
2011 3 11 0 28 4.6399 69.494 255.69
2011 3 11 0 28 5.6399 69.557 255.63
2011 3 11 0 28 6.6399 69.619 255.56
2011 3 11 0 28 7.6399 69.682 255.49
2011 3 11 0 28 8.6399 69.745 255.42
2011 3 11 0 28 9.6399 69.808 255.36
2011 3 11 0 28 10.64 69.871 255.29
2011 3 11 0 28 11.64 69.934 255.22
2011 3 11 0 28 12.64 69.996 255.15
2011 3 11 0 28 13.64 70.059 255.08
2011 3 11 0 28 14.64 70.122 255.01
2011 3 11 0 28 15.64 70.185 254.94
2011 3 11 0 28 16.64 70.247 254.87
2011 3 11 0 28 17.64 70.31 254.8
2011 3 11 0 28 18.64 70.373 254.72
2011 3 11 0 28 19.64 70.435 254.65
2011 3 11 0 28 20.64 70.498 254.58
2011 3 11 0 28 21.64 70.56 254.51
2011 3 11 0 28 22.64 70.623 254.43
2011 3 11 0 28 23.64 70.685 254.36
2011 3 11 0 28 24.64 70.748 254.28
2011 3 11 0 28 25.64 70.81 254.21
2011 3 11 0 28 26.64 70.873 254.13
2011 3 11 0 28 27.64 70.935 254.06
2011 3 11 0 28 28.64 70.997 253.98
2011 3 11 0 28 29.64 71.06 253.91
2011 3 11 0 28 30.64 71.122 253.83
2011 3 11 0 28 31.64 71.184 253.75
2011 3 11 0 28 32.64 71.246 253.67
2011 3 11 0 28 33.64 71.309 253.59
2011 3 11 0 28 34.64 71.371 253.52
2011 3 11 0 28 35.64 71.433 253.44
2011 3 11 0 28 36.64 71.495 253.36
2011 3 11 0 28 37.64 71.557 253.28
2011 3 11 0 28 38.64 71.619 253.2
2011 3 11 0 28 39.64 71.681 253.11
2011 3 11 0 28 40.64 71.743 253.03
2011 3 11 0 28 41.64 71.805 252.95
2011 3 11 0 28 42.64 71.867 252.87
2011 3 11 0 28 43.64 71.929 252.78
2011 3 11 0 28 44.64 71.991 252.7
2011 3 11 0 28 45.64 72.053 252.61
2011 3 11 0 28 46.64 72.114 252.53
2011 3 11 0 28 47.64 72.176 252.44
2011 3 11 0 28 48.64 72.238 252.36
2011 3 11 0 28 49.64 72.3 252.27
2011 3 11 0 28 50.64 72.361 252.18
2011 3 11 0 28 51.64 72.423 252.1
2011 3 11 0 28 52.64 72.484 252.01
2011 3 11 0 28 53.64 72.546 251.92
2011 3 11 0 28 54.64 72.608 251.83
2011 3 11 0 28 55.64 72.669 251.74
2011 3 11 0 28 56.64 72.73 251.65
2011 3 11 0 28 57.64 72.792 251.56
2011 3 11 0 28 58.64 72.853 251.47
2011 3 11 0 28 59.64 72.915 251.37
2011 3 11 0 29 0.6399 72.976 251.28
2011 3 11 0 29 1.6399 73.037 251.19
2011 3 11 0 29 2.6399 73.098 251.09
2011 3 11 0 29 3.6399 73.159 251
2011 3 11 0 29 4.6399 73.221 250.9
2011 3 11 0 29 5.6399 73.282 250.81
2011 3 11 0 29 6.6399 73.343 250.71
2011 3 11 0 29 7.6399 73.404 250.61
2011 3 11 0 29 8.6399 73.465 250.51
2011 3 11 0 29 9.6399 73.526 250.41
2011 3 11 0 29 10.64 73.586 250.31
2011 3 11 0 29 11.64 73.647 250.21
2011 3 11 0 29 12.64 73.708 250.11
2011 3 11 0 29 13.64 73.769 250.01
2011 3 11 0 29 14.64 73.829 249.91
2011 3 11 0 29 15.64 73.89 249.8
2011 3 11 0 29 16.64 73.951 249.7
2011 3 11 0 29 17.64 74.011 249.6
2011 3 11 0 29 18.64 74.072 249.49
2011 3 11 0 29 19.64 74.132 249.38
2011 3 11 0 29 20.64 74.193 249.28
2011 3 11 0 29 21.64 74.253 249.17
2011 3 11 0 29 22.64 74.313 249.06
2011 3 11 0 29 23.64 74.374 248.95
2011 3 11 0 29 24.64 74.434 248.84
2011 3 11 0 29 25.64 74.494 248.73
2011 3 11 0 29 26.64 74.554 248.62
2011 3 11 0 29 27.64 74.614 248.51
2011 3 11 0 29 28.64 74.674 248.39
2011 3 11 0 29 29.64 74.734 248.28
2011 3 11 0 29 30.64 74.794 248.17
2011 3 11 0 29 31.64 74.854 248.05
2011 3 11 0 29 32.64 74.914 247.93
2011 3 11 0 29 33.64 74.973 247.82
2011 3 11 0 29 34.64 75.033 247.7
2011 3 11 0 29 35.64 75.093 247.58
2011 3 11 0 29 36.64 75.152 247.46
2011 3 11 0 29 37.64 75.212 247.34
2011 3 11 0 29 38.64 75.271 247.21
2011 3 11 0 29 39.64 75.33 247.09
2011 3 11 0 29 40.64 75.39 246.97
2011 3 11 0 29 41.64 75.449 246.84
2011 3 11 0 29 42.64 75.508 246.72
2011 3 11 0 29 43.64 75.567 246.59
2011 3 11 0 29 44.64 75.626 246.46
2011 3 11 0 29 45.64 75.685 246.33
2011 3 11 0 29 46.64 75.744 246.2
2011 3 11 0 29 47.64 75.803 246.07
2011 3 11 0 29 48.64 75.862 245.94
2011 3 11 0 29 49.64 75.921 245.81
2011 3 11 0 29 50.64 75.979 245.67
2011 3 11 0 29 51.64 76.038 245.54
2011 3 11 0 29 52.64 76.096 245.4
2011 3 11 0 29 53.64 76.155 245.27
2011 3 11 0 29 54.64 76.213 245.13
2011 3 11 0 29 55.64 76.271 244.99
2011 3 11 0 29 56.64 76.33 244.85
2011 3 11 0 29 57.64 76.388 244.71
2011 3 11 0 29 58.64 76.446 244.56
2011 3 11 0 29 59.64 76.504 244.42
2011 3 11 0 30 0.6399 76.562 244.27
2011 3 11 0 30 1.6399 76.62 244.13
2011 3 11 0 30 2.6399 76.677 243.98
2011 3 11 0 30 3.6399 76.735 243.83
2011 3 11 0 30 4.6399 76.793 243.68
2011 3 11 0 30 5.6399 76.85 243.53
2011 3 11 0 30 6.6399 76.908 243.38
2011 3 11 0 30 7.6399 76.965 243.22
2011 3 11 0 30 8.6399 77.022 243.07
2011 3 11 0 30 9.6399 77.079 242.91
2011 3 11 0 30 10.64 77.136 242.75
2011 3 11 0 30 11.64 77.193 242.6
2011 3 11 0 30 12.64 77.25 242.44
2011 3 11 0 30 13.64 77.307 242.27
2011 3 11 0 30 14.64 77.364 242.11
2011 3 11 0 30 15.64 77.42 241.95
2011 3 11 0 30 16.64 77.477 241.78
2011 3 11 0 30 17.64 77.533 241.61
2011 3 11 0 30 18.64 77.59 241.44
2011 3 11 0 30 19.64 77.646 241.27
2011 3 11 0 30 20.64 77.702 241.1
2011 3 11 0 30 21.64 77.758 240.93
2011 3 11 0 30 22.64 77.814 240.75
2011 3 11 0 30 23.64 77.87 240.58
2011 3 11 0 30 24.64 77.925 240.4
2011 3 11 0 30 25.64 77.981 240.22
2011 3 11 0 30 26.64 78.036 240.04
2011 3 11 0 30 27.64 78.092 239.85
2011 3 11 0 30 28.64 78.147 239.67
2011 3 11 0 30 29.64 78.202 239.48
2011 3 11 0 30 30.64 78.257 239.29
2011 3 11 0 30 31.64 78.312 239.1
2011 3 11 0 30 32.64 78.367 238.91
2011 3 11 0 30 33.64 78.421 238.72
2011 3 11 0 30 34.64 78.476 238.53
2011 3 11 0 30 35.64 78.53 238.33
2011 3 11 0 30 36.64 78.585 238.13
2011 3 11 0 30 37.64 78.639 237.93
2011 3 11 0 30 38.64 78.693 237.73
2011 3 11 0 30 39.64 78.747 237.52
2011 3 11 0 30 40.64 78.8 237.32
2011 3 11 0 30 41.64 78.854 237.11
2011 3 11 0 30 42.64 78.908 236.9
2011 3 11 0 30 43.64 78.961 236.69
2011 3 11 0 30 44.64 79.014 236.48
2011 3 11 0 30 45.64 79.067 236.26
2011 3 11 0 30 46.64 79.12 236.04
2011 3 11 0 30 47.64 79.173 235.82
2011 3 11 0 30 48.64 79.225 235.6
2011 3 11 0 30 49.64 79.278 235.38
2011 3 11 0 30 50.64 79.33 235.15
2011 3 11 0 30 51.64 79.382 234.92
2011 3 11 0 30 52.64 79.434 234.69
2011 3 11 0 30 53.64 79.486 234.46
2011 3 11 0 30 54.64 79.538 234.22
2011 3 11 0 30 55.64 79.589 233.99
2011 3 11 0 30 56.64 79.64 233.75
2011 3 11 0 30 57.64 79.691 233.51
2011 3 11 0 30 58.64 79.742 233.26
2011 3 11 0 30 59.64 79.793 233.01
2011 3 11 0 31 0.6399 79.844 232.77
2011 3 11 0 31 1.6399 79.894 232.51
2011 3 11 0 31 2.6399 79.944 232.26
2011 3 11 0 31 3.6399 79.994 232
2011 3 11 0 31 4.6399 80.044 231.75
2011 3 11 0 31 5.6399 80.094 231.49
2011 3 11 0 31 6.6399 80.143 231.22
2011 3 11 0 31 7.6399 80.193 230.95
2011 3 11 0 31 8.6399 80.242 230.69
2011 3 11 0 31 9.6399 80.29 230.41
2011 3 11 0 31 10.64 80.339 230.14
2011 3 11 0 31 11.64 80.387 229.86
2011 3 11 0 31 12.64 80.436 229.58
2011 3 11 0 31 13.64 80.484 229.3
2011 3 11 0 31 14.64 80.531 229.02
2011 3 11 0 31 15.64 80.579 228.73
2011 3 11 0 31 16.64 80.626 228.44
2011 3 11 0 31 17.64 80.673 228.14
2011 3 11 0 31 18.64 80.72 227.85
2011 3 11 0 31 19.64 80.767 227.55
2011 3 11 0 31 20.64 80.813 227.24
2011 3 11 0 31 21.64 80.859 226.94
2011 3 11 0 31 22.64 80.905 226.63
2011 3 11 0 31 23.64 80.951 226.32
2011 3 11 0 31 24.64 80.996 226
2011 3 11 0 31 25.64 81.041 225.69
2011 3 11 0 31 26.64 81.086 225.36
2011 3 11 0 31 27.64 81.13 225.04
2011 3 11 0 31 28.64 81.175 224.71
2011 3 11 0 31 29.64 81.219 224.38
2011 3 11 0 31 30.64 81.262 224.05
2011 3 11 0 31 31.64 81.306 223.71
2011 3 11 0 31 32.64 81.349 223.37
2011 3 11 0 31 33.64 81.392 223.03
2011 3 11 0 31 34.64 81.434 222.68
2011 3 11 0 31 35.64 81.476 222.33
2011 3 11 0 31 36.64 81.518 221.98
2011 3 11 0 31 37.64 81.56 221.62
2011 3 11 0 31 38.64 81.601 221.26
2011 3 11 0 31 39.64 81.642 220.89
2011 3 11 0 31 40.64 81.683 220.53
2011 3 11 0 31 41.64 81.723 220.16
2011 3 11 0 31 42.64 81.763 219.78
2011 3 11 0 31 43.64 81.802 219.4
2011 3 11 0 31 44.64 81.842 219.02
2011 3 11 0 31 45.64 81.881 218.63
2011 3 11 0 31 46.64 81.919 218.25
2011 3 11 0 31 47.64 81.957 217.85
2011 3 11 0 31 48.64 81.995 217.46
2011 3 11 0 31 49.64 82.033 217.06
2011 3 11 0 31 50.64 82.07 216.65
2011 3 11 0 31 51.64 82.106 216.24
2011 3 11 0 31 52.64 82.143 215.83
2011 3 11 0 31 53.64 82.178 215.42
2011 3 11 0 31 54.64 82.214 215
2011 3 11 0 31 55.64 82.249 214.58
2011 3 11 0 31 56.64 82.284 214.15
2011 3 11 0 31 57.64 82.318 213.72
2011 3 11 0 31 58.64 82.352 213.29
2011 3 11 0 31 59.64 82.385 212.85
2011 3 11 0 32 0.6399 82.418 212.41
2011 3 11 0 32 1.6399 82.451 211.96
2011 3 11 0 32 2.6399 82.483 211.51
2011 3 11 0 32 3.6399 82.514 211.06
2011 3 11 0 32 4.6399 82.546 210.6
2011 3 11 0 32 5.6399 82.576 210.14
2011 3 11 0 32 6.6399 82.606 209.68
2011 3 11 0 32 7.6399 82.636 209.21
2011 3 11 0 32 8.6399 82.665 208.74
2011 3 11 0 32 9.6399 82.694 208.27
2011 3 11 0 32 10.64 82.723 207.79
2011 3 11 0 32 11.64 82.75 207.31
2011 3 11 0 32 12.64 82.778 206.82
2011 3 11 0 32 13.64 82.804 206.33
2011 3 11 0 32 14.64 82.831 205.84
2011 3 11 0 32 15.64 82.857 205.34
2011 3 11 0 32 16.64 82.882 204.84
2011 3 11 0 32 17.64 82.906 204.34
2011 3 11 0 32 18.64 82.931 203.83
2011 3 11 0 32 19.64 82.954 203.32
2011 3 11 0 32 20.64 82.977 202.8
2011 3 11 0 32 21.64 83 202.29
2011 3 11 0 32 22.64 83.022 201.77
2011 3 11 0 32 23.64 83.043 201.24
2011 3 11 0 32 24.64 83.064 200.72
2011 3 11 0 32 25.64 83.084 200.19
2011 3 11 0 32 26.64 83.104 199.65
2011 3 11 0 32 27.64 83.123 199.12
2011 3 11 0 32 28.64 83.141 198.58
2011 3 11 0 32 29.64 83.159 198.04
2011 3 11 0 32 30.64 83.177 197.49
2011 3 11 0 32 31.64 83.193 196.95
2011 3 11 0 32 32.64 83.209 196.4
2011 3 11 0 32 33.64 83.225 195.84
2011 3 11 0 32 34.64 83.24 195.29
2011 3 11 0 32 35.64 83.254 194.73
2011 3 11 0 32 36.64 83.268 194.17
2011 3 11 0 32 37.64 83.281 193.61
2011 3 11 0 32 38.64 83.293 193.05
2011 3 11 0 32 39.64 83.305 192.48
2011 3 11 0 32 40.64 83.316 191.92
2011 3 11 0 32 41.64 83.326 191.35
2011 3 11 0 32 42.64 83.336 190.78
2011 3 11 0 32 43.64 83.345 190.2
2011 3 11 0 32 44.64 83.354 189.63
2011 3 11 0 32 45.64 83.361 189.05
2011 3 11 0 32 46.64 83.369 188.48
2011 3 11 0 32 47.64 83.375 187.9
2011 3 11 0 32 48.64 83.381 187.32
2011 3 11 0 32 49.64 83.386 186.74
2011 3 11 0 32 50.64 83.391 186.16
2011 3 11 0 32 51.64 83.395 185.58
2011 3 11 0 32 52.64 83.398 185
2011 3 11 0 32 53.64 83.4 184.41
2011 3 11 0 32 54.64 83.402 183.83
2011 3 11 0 32 55.64 83.403 183.25
2011 3 11 0 32 56.64 83.404 182.66
2011 3 11 0 32 57.64 83.404 182.08
