2011 3 10 21 48 24.64 30.013 137.45
2011 3 10 22 48 18.64 30.032 294.81
2011 3 10 22 48 19.64 30.098 294.79
2011 3 10 22 48 20.64 30.165 294.78
2011 3 10 22 48 21.64 30.231 294.76
2011 3 10 22 48 22.64 30.298 294.75
2011 3 10 22 48 23.64 30.364 294.73
2011 3 10 22 48 24.64 30.431 294.72
2011 3 10 22 48 25.64 30.498 294.7
2011 3 10 22 48 26.64 30.564 294.69
2011 3 10 22 48 27.64 30.631 294.68
2011 3 10 22 48 28.64 30.697 294.66
2011 3 10 22 48 29.64 30.764 294.65
2011 3 10 22 48 30.64 30.83 294.63
2011 3 10 22 48 31.64 30.897 294.62
2011 3 10 22 48 32.64 30.963 294.6
2011 3 10 22 48 33.64 31.03 294.59
2011 3 10 22 48 34.64 31.096 294.57
2011 3 10 22 48 35.64 31.163 294.56
2011 3 10 22 48 36.64 31.229 294.54
2011 3 10 22 48 37.64 31.296 294.53
2011 3 10 22 48 38.64 31.362 294.51
2011 3 10 22 48 39.64 31.429 294.5
2011 3 10 22 48 40.64 31.495 294.48
2011 3 10 22 48 41.64 31.562 294.47
2011 3 10 22 48 42.64 31.628 294.45
2011 3 10 22 48 43.64 31.695 294.44
2011 3 10 22 48 44.64 31.761 294.43
2011 3 10 22 48 45.64 31.828 294.41
2011 3 10 22 48 46.64 31.895 294.4
2011 3 10 22 48 47.64 31.961 294.38
2011 3 10 22 48 48.64 32.028 294.37
2011 3 10 22 48 49.64 32.094 294.35
2011 3 10 22 48 50.64 32.161 294.34
2011 3 10 22 48 51.64 32.227 294.32
2011 3 10 22 48 52.64 32.294 294.31
2011 3 10 22 48 53.64 32.36 294.29
2011 3 10 22 48 54.64 32.426 294.28
2011 3 10 22 48 55.64 32.493 294.26
2011 3 10 22 48 56.64 32.559 294.25
2011 3 10 22 48 57.64 32.626 294.23
2011 3 10 22 48 58.64 32.692 294.22
2011 3 10 22 48 59.64 32.759 294.2
2011 3 10 22 49 0.6401 32.825 294.19
2011 3 10 22 49 1.6401 32.892 294.17
2011 3 10 22 49 2.6401 32.958 294.16
2011 3 10 22 49 3.6401 33.025 294.14
2011 3 10 22 49 4.6401 33.091 294.13
2011 3 10 22 49 5.6401 33.158 294.11
2011 3 10 22 49 6.6401 33.224 294.1
2011 3 10 22 49 7.6401 33.291 294.08
2011 3 10 22 49 8.6401 33.357 294.06
2011 3 10 22 49 9.6401 33.424 294.05
2011 3 10 22 49 10.64 33.49 294.03
2011 3 10 22 49 11.64 33.557 294.02
2011 3 10 22 49 12.64 33.623 294
2011 3 10 22 49 13.64 33.689 293.99
2011 3 10 22 49 14.64 33.756 293.97
2011 3 10 22 49 15.64 33.822 293.96
2011 3 10 22 49 16.64 33.889 293.94
2011 3 10 22 49 17.64 33.955 293.93
2011 3 10 22 49 18.64 34.022 293.91
2011 3 10 22 49 19.64 34.088 293.9
2011 3 10 22 49 20.64 34.155 293.88
2011 3 10 22 49 21.64 34.221 293.87
2011 3 10 22 49 22.64 34.288 293.85
2011 3 10 22 49 23.64 34.354 293.83
2011 3 10 22 49 24.64 34.42 293.82
2011 3 10 22 49 25.64 34.487 293.8
2011 3 10 22 49 26.64 34.553 293.79
2011 3 10 22 49 27.64 34.62 293.77
2011 3 10 22 49 28.64 34.686 293.76
2011 3 10 22 49 29.64 34.753 293.74
2011 3 10 22 49 30.64 34.819 293.73
2011 3 10 22 49 31.64 34.885 293.71
2011 3 10 22 49 32.64 34.952 293.69
2011 3 10 22 49 33.64 35.018 293.68
2011 3 10 22 49 34.64 35.085 293.66
2011 3 10 22 49 35.64 35.151 293.65
2011 3 10 22 49 36.64 35.217 293.63
2011 3 10 22 49 37.64 35.284 293.62
2011 3 10 22 49 38.64 35.35 293.6
2011 3 10 22 49 39.64 35.417 293.58
2011 3 10 22 49 40.64 35.483 293.57
2011 3 10 22 49 41.64 35.55 293.55
2011 3 10 22 49 42.64 35.616 293.54
2011 3 10 22 49 43.64 35.682 293.52
2011 3 10 22 49 44.64 35.749 293.51
2011 3 10 22 49 45.64 35.815 293.49
2011 3 10 22 49 46.64 35.882 293.47
2011 3 10 22 49 47.64 35.948 293.46
2011 3 10 22 49 48.64 36.014 293.44
2011 3 10 22 49 49.64 36.081 293.43
2011 3 10 22 49 50.64 36.147 293.41
2011 3 10 22 49 51.64 36.213 293.39
2011 3 10 22 49 52.64 36.28 293.38
2011 3 10 22 49 53.64 36.346 293.36
2011 3 10 22 49 54.64 36.413 293.35
2011 3 10 22 49 55.64 36.479 293.33
2011 3 10 22 49 56.64 36.545 293.31
2011 3 10 22 49 57.64 36.612 293.3
2011 3 10 22 49 58.64 36.678 293.28
2011 3 10 22 49 59.64 36.744 293.27
2011 3 10 22 50 0.6401 36.811 293.25
2011 3 10 22 50 1.6401 36.877 293.23
2011 3 10 22 50 2.6401 36.944 293.22
2011 3 10 22 50 3.6401 37.01 293.2
2011 3 10 22 50 4.6401 37.076 293.18
2011 3 10 22 50 5.6401 37.143 293.17
2011 3 10 22 50 6.6401 37.209 293.15
2011 3 10 22 50 7.6401 37.275 293.14
2011 3 10 22 50 8.6401 37.342 293.12
2011 3 10 22 50 9.6401 37.408 293.1
2011 3 10 22 50 10.64 37.474 293.09
2011 3 10 22 50 11.64 37.541 293.07
2011 3 10 22 50 12.64 37.607 293.05
2011 3 10 22 50 13.64 37.673 293.04
2011 3 10 22 50 14.64 37.74 293.02
2011 3 10 22 50 15.64 37.806 293
2011 3 10 22 50 16.64 37.872 292.99
2011 3 10 22 50 17.64 37.939 292.97
2011 3 10 22 50 18.64 38.005 292.95
2011 3 10 22 50 19.64 38.071 292.94
2011 3 10 22 50 20.64 38.138 292.92
2011 3 10 22 50 21.64 38.204 292.9
2011 3 10 22 50 22.64 38.27 292.89
2011 3 10 22 50 23.64 38.337 292.87
2011 3 10 22 50 24.64 38.403 292.85
2011 3 10 22 50 25.64 38.469 292.84
2011 3 10 22 50 26.64 38.536 292.82
2011 3 10 22 50 27.64 38.602 292.8
2011 3 10 22 50 28.64 38.668 292.79
2011 3 10 22 50 29.64 38.734 292.77
2011 3 10 22 50 30.64 38.801 292.75
2011 3 10 22 50 31.64 38.867 292.74
2011 3 10 22 50 32.64 38.933 292.72
2011 3 10 22 50 33.64 39 292.7
2011 3 10 22 50 34.64 39.066 292.69
2011 3 10 22 50 35.64 39.132 292.67
2011 3 10 22 50 36.64 39.199 292.65
2011 3 10 22 50 37.64 39.265 292.63
2011 3 10 22 50 38.64 39.331 292.62
2011 3 10 22 50 39.64 39.397 292.6
2011 3 10 22 50 40.64 39.464 292.58
2011 3 10 22 50 41.64 39.53 292.57
2011 3 10 22 50 42.64 39.596 292.55
2011 3 10 22 50 43.64 39.662 292.53
2011 3 10 22 50 44.64 39.729 292.52
2011 3 10 22 50 45.64 39.795 292.5
2011 3 10 22 50 46.64 39.861 292.48
2011 3 10 22 50 47.64 39.928 292.46
2011 3 10 22 50 48.64 39.994 292.45
2011 3 10 22 50 49.64 40.06 292.43
2011 3 10 22 50 50.64 40.126 292.41
2011 3 10 22 50 51.64 40.193 292.39
2011 3 10 22 50 52.64 40.259 292.38
2011 3 10 22 50 53.64 40.325 292.36
2011 3 10 22 50 54.64 40.391 292.34
2011 3 10 22 50 55.64 40.458 292.32
2011 3 10 22 50 56.64 40.524 292.31
2011 3 10 22 50 57.64 40.59 292.29
2011 3 10 22 50 58.64 40.656 292.27
2011 3 10 22 50 59.64 40.722 292.25
2011 3 10 22 51 0.6401 40.789 292.24
2011 3 10 22 51 1.6401 40.855 292.22
2011 3 10 22 51 2.6401 40.921 292.2
2011 3 10 22 51 3.6401 40.987 292.18
2011 3 10 22 51 4.6401 41.054 292.17
2011 3 10 22 51 5.6401 41.12 292.15
2011 3 10 22 51 6.6401 41.186 292.13
2011 3 10 22 51 7.6401 41.252 292.11
2011 3 10 22 51 8.6401 41.318 292.1
2011 3 10 22 51 9.6401 41.385 292.08
2011 3 10 22 51 10.64 41.451 292.06
2011 3 10 22 51 11.64 41.517 292.04
2011 3 10 22 51 12.64 41.583 292.02
2011 3 10 22 51 13.64 41.649 292.01
2011 3 10 22 51 14.64 41.716 291.99
2011 3 10 22 51 15.64 41.782 291.97
2011 3 10 22 51 16.64 41.848 291.95
2011 3 10 22 51 17.64 41.914 291.93
2011 3 10 22 51 18.64 41.98 291.92
2011 3 10 22 51 19.64 42.047 291.9
2011 3 10 22 51 20.64 42.113 291.88
2011 3 10 22 51 21.64 42.179 291.86
2011 3 10 22 51 22.64 42.245 291.84
2011 3 10 22 51 23.64 42.311 291.82
2011 3 10 22 51 24.64 42.377 291.81
2011 3 10 22 51 25.64 42.444 291.79
2011 3 10 22 51 26.64 42.51 291.77
2011 3 10 22 51 27.64 42.576 291.75
2011 3 10 22 51 28.64 42.642 291.73
2011 3 10 22 51 29.64 42.708 291.71
2011 3 10 22 51 30.64 42.774 291.7
2011 3 10 22 51 31.64 42.841 291.68
2011 3 10 22 51 32.64 42.907 291.66
2011 3 10 22 51 33.64 42.973 291.64
2011 3 10 22 51 34.64 43.039 291.62
2011 3 10 22 51 35.64 43.105 291.6
2011 3 10 22 51 36.64 43.171 291.59
2011 3 10 22 51 37.64 43.237 291.57
2011 3 10 22 51 38.64 43.304 291.55
2011 3 10 22 51 39.64 43.37 291.53
2011 3 10 22 51 40.64 43.436 291.51
2011 3 10 22 51 41.64 43.502 291.49
2011 3 10 22 51 42.64 43.568 291.47
2011 3 10 22 51 43.64 43.634 291.45
2011 3 10 22 51 44.64 43.7 291.44
2011 3 10 22 51 45.64 43.766 291.42
2011 3 10 22 51 46.64 43.832 291.4
2011 3 10 22 51 47.64 43.899 291.38
2011 3 10 22 51 48.64 43.965 291.36
2011 3 10 22 51 49.64 44.031 291.34
2011 3 10 22 51 50.64 44.097 291.32
2011 3 10 22 51 51.64 44.163 291.3
2011 3 10 22 51 52.64 44.229 291.28
2011 3 10 22 51 53.64 44.295 291.26
2011 3 10 22 51 54.64 44.361 291.24
2011 3 10 22 51 55.64 44.427 291.23
2011 3 10 22 51 56.64 44.493 291.21
2011 3 10 22 51 57.64 44.559 291.19
2011 3 10 22 51 58.64 44.626 291.17
2011 3 10 22 51 59.64 44.692 291.15
2011 3 10 22 52 0.6401 44.758 291.13
2011 3 10 22 52 1.6401 44.824 291.11
2011 3 10 22 52 2.6401 44.89 291.09
2011 3 10 22 52 3.6401 44.956 291.07
2011 3 10 22 52 4.6401 45.022 291.05
2011 3 10 22 52 5.6401 45.088 291.03
2011 3 10 22 52 6.6401 45.154 291.01
2011 3 10 22 52 7.6401 45.22 290.99
2011 3 10 22 52 8.6401 45.286 290.97
2011 3 10 22 52 9.6401 45.352 290.95
2011 3 10 22 52 10.64 45.418 290.93
2011 3 10 22 52 11.64 45.484 290.91
2011 3 10 22 52 12.64 45.55 290.89
2011 3 10 22 52 13.64 45.616 290.87
2011 3 10 22 52 14.64 45.682 290.85
2011 3 10 22 52 15.64 45.748 290.83
2011 3 10 22 52 16.64 45.814 290.81
2011 3 10 22 52 17.64 45.88 290.79
2011 3 10 22 52 18.64 45.946 290.77
2011 3 10 22 52 19.64 46.012 290.75
2011 3 10 22 52 20.64 46.078 290.73
2011 3 10 22 52 21.64 46.144 290.71
2011 3 10 22 52 22.64 46.21 290.69
2011 3 10 22 52 23.64 46.276 290.67
2011 3 10 22 52 24.64 46.342 290.65
2011 3 10 22 52 25.64 46.408 290.63
2011 3 10 22 52 26.64 46.474 290.61
2011 3 10 22 52 27.64 46.54 290.59
2011 3 10 22 52 28.64 46.606 290.57
2011 3 10 22 52 29.64 46.672 290.55
2011 3 10 22 52 30.64 46.738 290.53
2011 3 10 22 52 31.64 46.804 290.51
2011 3 10 22 52 32.64 46.87 290.49
2011 3 10 22 52 33.64 46.936 290.47
2011 3 10 22 52 34.64 47.002 290.45
2011 3 10 22 52 35.64 47.068 290.43
2011 3 10 22 52 36.64 47.134 290.41
2011 3 10 22 52 37.64 47.2 290.38
2011 3 10 22 52 38.64 47.266 290.36
2011 3 10 22 52 39.64 47.332 290.34
2011 3 10 22 52 40.64 47.398 290.32
2011 3 10 22 52 41.64 47.464 290.3
2011 3 10 22 52 42.64 47.53 290.28
2011 3 10 22 52 43.64 47.596 290.26
2011 3 10 22 52 44.64 47.662 290.24
2011 3 10 22 52 45.64 47.727 290.22
2011 3 10 22 52 46.64 47.793 290.2
2011 3 10 22 52 47.64 47.859 290.17
2011 3 10 22 52 48.64 47.925 290.15
2011 3 10 22 52 49.64 47.991 290.13
2011 3 10 22 52 50.64 48.057 290.11
2011 3 10 22 52 51.64 48.123 290.09
2011 3 10 22 52 52.64 48.189 290.07
2011 3 10 22 52 53.64 48.255 290.05
2011 3 10 22 52 54.64 48.321 290.02
2011 3 10 22 52 55.64 48.387 290
2011 3 10 22 52 56.64 48.452 289.98
2011 3 10 22 52 57.64 48.518 289.96
2011 3 10 22 52 58.64 48.584 289.94
2011 3 10 22 52 59.64 48.65 289.92
2011 3 10 22 53 0.6401 48.716 289.89
2011 3 10 22 53 1.6401 48.782 289.87
2011 3 10 22 53 2.6401 48.848 289.85
2011 3 10 22 53 3.6401 48.914 289.83
2011 3 10 22 53 4.6401 48.979 289.81
2011 3 10 22 53 5.6401 49.045 289.78
2011 3 10 22 53 6.6401 49.111 289.76
2011 3 10 22 53 7.6401 49.177 289.74
2011 3 10 22 53 8.6401 49.243 289.72
2011 3 10 22 53 9.6401 49.309 289.7
2011 3 10 22 53 10.64 49.374 289.67
2011 3 10 22 53 11.64 49.44 289.65
2011 3 10 22 53 12.64 49.506 289.63
2011 3 10 22 53 13.64 49.572 289.61
2011 3 10 22 53 14.64 49.638 289.58
2011 3 10 22 53 15.64 49.704 289.56
2011 3 10 22 53 16.64 49.769 289.54
2011 3 10 22 53 17.64 49.835 289.52
2011 3 10 22 53 18.64 49.901 289.49
2011 3 10 22 53 19.64 49.967 289.47
2011 3 10 22 53 20.64 50.033 289.45
2011 3 10 22 53 21.64 50.098 289.43
2011 3 10 22 53 22.64 50.164 289.4
2011 3 10 22 53 23.64 50.23 289.38
2011 3 10 22 53 24.64 50.296 289.36
2011 3 10 22 53 25.64 50.362 289.33
2011 3 10 22 53 26.64 50.427 289.31
2011 3 10 22 53 27.64 50.493 289.29
2011 3 10 22 53 28.64 50.559 289.26
2011 3 10 22 53 29.64 50.625 289.24
2011 3 10 22 53 30.64 50.69 289.22
2011 3 10 22 53 31.64 50.756 289.19
2011 3 10 22 53 32.64 50.822 289.17
2011 3 10 22 53 33.64 50.888 289.15
2011 3 10 22 53 34.64 50.953 289.12
2011 3 10 22 53 35.64 51.019 289.1
2011 3 10 22 53 36.64 51.085 289.08
2011 3 10 22 53 37.64 51.151 289.05
2011 3 10 22 53 38.64 51.216 289.03
2011 3 10 22 53 39.64 51.282 289.01
2011 3 10 22 53 40.64 51.348 288.98
2011 3 10 22 53 41.64 51.413 288.96
2011 3 10 22 53 42.64 51.479 288.93
2011 3 10 22 53 43.64 51.545 288.91
2011 3 10 22 53 44.64 51.61 288.89
2011 3 10 22 53 45.64 51.676 288.86
2011 3 10 22 53 46.64 51.742 288.84
2011 3 10 22 53 47.64 51.808 288.81
2011 3 10 22 53 48.64 51.873 288.79
2011 3 10 22 53 49.64 51.939 288.77
2011 3 10 22 53 50.64 52.005 288.74
2011 3 10 22 53 51.64 52.07 288.72
2011 3 10 22 53 52.64 52.136 288.69
2011 3 10 22 53 53.64 52.202 288.67
2011 3 10 22 53 54.64 52.267 288.64
2011 3 10 22 53 55.64 52.333 288.62
2011 3 10 22 53 56.64 52.399 288.59
2011 3 10 22 53 57.64 52.464 288.57
2011 3 10 22 53 58.64 52.53 288.54
2011 3 10 22 53 59.64 52.595 288.52
2011 3 10 22 54 0.6401 52.661 288.49
2011 3 10 22 54 1.6401 52.727 288.47
2011 3 10 22 54 2.6401 52.792 288.44
2011 3 10 22 54 3.6401 52.858 288.42
2011 3 10 22 54 4.6401 52.924 288.39
2011 3 10 22 54 5.6401 52.989 288.37
2011 3 10 22 54 6.6401 53.055 288.34
2011 3 10 22 54 7.6401 53.12 288.32
2011 3 10 22 54 8.6401 53.186 288.29
2011 3 10 22 54 9.6401 53.252 288.27
2011 3 10 22 54 10.64 53.317 288.24
2011 3 10 22 54 11.64 53.383 288.21
2011 3 10 22 54 12.64 53.448 288.19
2011 3 10 22 54 13.64 53.514 288.16
2011 3 10 22 54 14.64 53.579 288.14
2011 3 10 22 54 15.64 53.645 288.11
2011 3 10 22 54 16.64 53.71 288.08
2011 3 10 22 54 17.64 53.776 288.06
2011 3 10 22 54 18.64 53.842 288.03
2011 3 10 22 54 19.64 53.907 288.01
2011 3 10 22 54 20.64 53.973 287.98
2011 3 10 22 54 21.64 54.038 287.95
2011 3 10 22 54 22.64 54.104 287.93
2011 3 10 22 54 23.64 54.169 287.9
2011 3 10 22 54 24.64 54.235 287.87
2011 3 10 22 54 25.64 54.3 287.85
2011 3 10 22 54 26.64 54.366 287.82
2011 3 10 22 54 27.64 54.431 287.79
2011 3 10 22 54 28.64 54.497 287.77
2011 3 10 22 54 29.64 54.562 287.74
2011 3 10 22 54 30.64 54.628 287.71
2011 3 10 22 54 31.64 54.693 287.69
2011 3 10 22 54 32.64 54.759 287.66
2011 3 10 22 54 33.64 54.824 287.63
2011 3 10 22 54 34.64 54.89 287.6
2011 3 10 22 54 35.64 54.955 287.58
2011 3 10 22 54 36.64 55.021 287.55
2011 3 10 22 54 37.64 55.086 287.52
2011 3 10 22 54 38.64 55.151 287.49
2011 3 10 22 54 39.64 55.217 287.47
2011 3 10 22 54 40.64 55.282 287.44
2011 3 10 22 54 41.64 55.348 287.41
2011 3 10 22 54 42.64 55.413 287.38
2011 3 10 22 54 43.64 55.479 287.35
2011 3 10 22 54 44.64 55.544 287.33
2011 3 10 22 54 45.64 55.609 287.3
2011 3 10 22 54 46.64 55.675 287.27
2011 3 10 22 54 47.64 55.74 287.24
2011 3 10 22 54 48.64 55.805 287.21
2011 3 10 22 54 49.64 55.871 287.18
2011 3 10 22 54 50.64 55.936 287.16
2011 3 10 22 54 51.64 56.002 287.13
2011 3 10 22 54 52.64 56.067 287.1
2011 3 10 22 54 53.64 56.132 287.07
2011 3 10 22 54 54.64 56.198 287.04
2011 3 10 22 54 55.64 56.263 287.01
2011 3 10 22 54 56.64 56.328 286.98
2011 3 10 22 54 57.64 56.394 286.95
2011 3 10 22 54 58.64 56.459 286.92
2011 3 10 22 54 59.64 56.524 286.89
2011 3 10 22 55 0.6401 56.59 286.87
2011 3 10 22 55 1.6401 56.655 286.84
2011 3 10 22 55 2.6401 56.72 286.81
2011 3 10 22 55 3.6401 56.786 286.78
2011 3 10 22 55 4.6401 56.851 286.75
2011 3 10 22 55 5.6401 56.916 286.72
2011 3 10 22 55 6.6401 56.981 286.69
2011 3 10 22 55 7.6401 57.047 286.66
2011 3 10 22 55 8.6401 57.112 286.63
2011 3 10 22 55 9.6401 57.177 286.6
2011 3 10 22 55 10.64 57.242 286.57
2011 3 10 22 55 11.64 57.308 286.54
2011 3 10 22 55 12.64 57.373 286.51
2011 3 10 22 55 13.64 57.438 286.47
2011 3 10 22 55 14.64 57.503 286.44
2011 3 10 22 55 15.64 57.569 286.41
2011 3 10 22 55 16.64 57.634 286.38
2011 3 10 22 55 17.64 57.699 286.35
2011 3 10 22 55 18.64 57.764 286.32
2011 3 10 22 55 19.64 57.829 286.29
2011 3 10 22 55 20.64 57.895 286.26
2011 3 10 22 55 21.64 57.96 286.23
2011 3 10 22 55 22.64 58.025 286.19
2011 3 10 22 55 23.64 58.09 286.16
2011 3 10 22 55 24.64 58.155 286.13
2011 3 10 22 55 25.64 58.221 286.1
2011 3 10 22 55 26.64 58.286 286.07
2011 3 10 22 55 27.64 58.351 286.04
2011 3 10 22 55 28.64 58.416 286
2011 3 10 22 55 29.64 58.481 285.97
2011 3 10 22 55 30.64 58.546 285.94
2011 3 10 22 55 31.64 58.611 285.91
2011 3 10 22 55 32.64 58.676 285.87
2011 3 10 22 55 33.64 58.742 285.84
2011 3 10 22 55 34.64 58.807 285.81
2011 3 10 22 55 35.64 58.872 285.78
2011 3 10 22 55 36.64 58.937 285.74
2011 3 10 22 55 37.64 59.002 285.71
2011 3 10 22 55 38.64 59.067 285.68
2011 3 10 22 55 39.64 59.132 285.64
2011 3 10 22 55 40.64 59.197 285.61
2011 3 10 22 55 41.64 59.262 285.58
2011 3 10 22 55 42.64 59.327 285.54
2011 3 10 22 55 43.64 59.392 285.51
2011 3 10 22 55 44.64 59.457 285.48
2011 3 10 22 55 45.64 59.522 285.44
2011 3 10 22 55 46.64 59.587 285.41
2011 3 10 22 55 47.64 59.652 285.37
2011 3 10 22 55 48.64 59.717 285.34
2011 3 10 22 55 49.64 59.782 285.31
2011 3 10 22 55 50.64 59.847 285.27
2011 3 10 22 55 51.64 59.912 285.24
2011 3 10 22 55 52.64 59.977 285.2
2011 3 10 22 55 53.64 60.042 285.17
2011 3 10 22 55 54.64 60.107 285.13
2011 3 10 22 55 55.64 60.172 285.1
2011 3 10 22 55 56.64 60.237 285.06
2011 3 10 22 55 57.64 60.302 285.03
2011 3 10 22 55 58.64 60.367 284.99
2011 3 10 22 55 59.64 60.432 284.95
2011 3 10 22 56 0.6401 60.496 284.92
2011 3 10 22 56 1.6401 60.561 284.88
2011 3 10 22 56 2.6401 60.626 284.85
2011 3 10 22 56 3.6401 60.691 284.81
2011 3 10 22 56 4.6401 60.756 284.77
2011 3 10 22 56 5.6401 60.821 284.74
2011 3 10 22 56 6.6401 60.886 284.7
2011 3 10 22 56 7.6401 60.95 284.67
2011 3 10 22 56 8.6401 61.015 284.63
2011 3 10 22 56 9.6401 61.08 284.59
2011 3 10 22 56 10.64 61.145 284.55
2011 3 10 22 56 11.64 61.21 284.52
2011 3 10 22 56 12.64 61.275 284.48
2011 3 10 22 56 13.64 61.339 284.44
2011 3 10 22 56 14.64 61.404 284.41
2011 3 10 22 56 15.64 61.469 284.37
2011 3 10 22 56 16.64 61.534 284.33
2011 3 10 22 56 17.64 61.598 284.29
2011 3 10 22 56 18.64 61.663 284.25
2011 3 10 22 56 19.64 61.728 284.22
2011 3 10 22 56 20.64 61.793 284.18
2011 3 10 22 56 21.64 61.857 284.14
2011 3 10 22 56 22.64 61.922 284.1
2011 3 10 22 56 23.64 61.987 284.06
2011 3 10 22 56 24.64 62.051 284.02
2011 3 10 22 56 25.64 62.116 283.98
2011 3 10 22 56 26.64 62.181 283.94
2011 3 10 22 56 27.64 62.245 283.9
2011 3 10 22 56 28.64 62.31 283.86
2011 3 10 22 56 29.64 62.375 283.82
2011 3 10 22 56 30.64 62.439 283.78
2011 3 10 22 56 31.64 62.504 283.74
2011 3 10 22 56 32.64 62.568 283.7
2011 3 10 22 56 33.64 62.633 283.66
2011 3 10 22 56 34.64 62.698 283.62
2011 3 10 22 56 35.64 62.762 283.58
2011 3 10 22 56 36.64 62.827 283.54
2011 3 10 22 56 37.64 62.891 283.5
2011 3 10 22 56 38.64 62.956 283.46
2011 3 10 22 56 39.64 63.02 283.42
2011 3 10 22 56 40.64 63.085 283.38
2011 3 10 22 56 41.64 63.149 283.34
2011 3 10 22 56 42.64 63.214 283.29
2011 3 10 22 56 43.64 63.278 283.25
2011 3 10 22 56 44.64 63.343 283.21
2011 3 10 22 56 45.64 63.407 283.17
2011 3 10 22 56 46.64 63.472 283.12
2011 3 10 22 56 47.64 63.536 283.08
2011 3 10 22 56 48.64 63.601 283.04
2011 3 10 22 56 49.64 63.665 283
2011 3 10 22 56 50.64 63.73 282.95
2011 3 10 22 56 51.64 63.794 282.91
2011 3 10 22 56 52.64 63.858 282.87
2011 3 10 22 56 53.64 63.923 282.82
2011 3 10 22 56 54.64 63.987 282.78
2011 3 10 22 56 55.64 64.051 282.73
2011 3 10 22 56 56.64 64.116 282.69
2011 3 10 22 56 57.64 64.18 282.65
2011 3 10 22 56 58.64 64.244 282.6
2011 3 10 22 56 59.64 64.309 282.56
2011 3 10 22 57 0.6401 64.373 282.51
2011 3 10 22 57 1.6401 64.437 282.47
2011 3 10 22 57 2.6401 64.502 282.42
2011 3 10 22 57 3.6401 64.566 282.37
2011 3 10 22 57 4.6401 64.63 282.33
2011 3 10 22 57 5.6401 64.694 282.28
2011 3 10 22 57 6.6401 64.759 282.24
2011 3 10 22 57 7.6401 64.823 282.19
2011 3 10 22 57 8.6401 64.887 282.14
2011 3 10 22 57 9.6401 64.951 282.1
2011 3 10 22 57 10.64 65.015 282.05
2011 3 10 22 57 11.64 65.079 282
2011 3 10 22 57 12.64 65.144 281.96
2011 3 10 22 57 13.64 65.208 281.91
2011 3 10 22 57 14.64 65.272 281.86
2011 3 10 22 57 15.64 65.336 281.81
2011 3 10 22 57 16.64 65.4 281.76
2011 3 10 22 57 17.64 65.464 281.71
2011 3 10 22 57 18.64 65.528 281.67
2011 3 10 22 57 19.64 65.592 281.62
2011 3 10 22 57 20.64 65.656 281.57
2011 3 10 22 57 21.64 65.72 281.52
2011 3 10 22 57 22.64 65.784 281.47
2011 3 10 22 57 23.64 65.848 281.42
2011 3 10 22 57 24.64 65.912 281.37
2011 3 10 22 57 25.64 65.976 281.32
2011 3 10 22 57 26.64 66.04 281.27
2011 3 10 22 57 27.64 66.104 281.22
2011 3 10 22 57 28.64 66.168 281.17
2011 3 10 22 57 29.64 66.232 281.12
2011 3 10 22 57 30.64 66.296 281.06
2011 3 10 22 57 31.64 66.36 281.01
2011 3 10 22 57 32.64 66.424 280.96
2011 3 10 22 57 33.64 66.487 280.91
2011 3 10 22 57 34.64 66.551 280.86
2011 3 10 22 57 35.64 66.615 280.8
2011 3 10 22 57 36.64 66.679 280.75
2011 3 10 22 57 37.64 66.743 280.7
2011 3 10 22 57 38.64 66.806 280.64
2011 3 10 22 57 39.64 66.87 280.59
2011 3 10 22 57 40.64 66.934 280.54
2011 3 10 22 57 41.64 66.998 280.48
2011 3 10 22 57 42.64 67.061 280.43
2011 3 10 22 57 43.64 67.125 280.37
2011 3 10 22 57 44.64 67.189 280.32
2011 3 10 22 57 45.64 67.252 280.26
2011 3 10 22 57 46.64 67.316 280.21
2011 3 10 22 57 47.64 67.38 280.15
2011 3 10 22 57 48.64 67.443 280.1
2011 3 10 22 57 49.64 67.507 280.04
2011 3 10 22 57 50.64 67.57 279.98
2011 3 10 22 57 51.64 67.634 279.93
2011 3 10 22 57 52.64 67.697 279.87
2011 3 10 22 57 53.64 67.761 279.81
2011 3 10 22 57 54.64 67.824 279.75
2011 3 10 22 57 55.64 67.888 279.69
2011 3 10 22 57 56.64 67.951 279.64
2011 3 10 22 57 57.64 68.015 279.58
2011 3 10 22 57 58.64 68.078 279.52
2011 3 10 22 57 59.64 68.142 279.46
2011 3 10 22 58 0.6401 68.205 279.4
2011 3 10 22 58 1.6401 68.268 279.34
2011 3 10 22 58 2.6401 68.332 279.28
2011 3 10 22 58 3.6401 68.395 279.22
2011 3 10 22 58 4.6401 68.458 279.16
2011 3 10 22 58 5.6401 68.522 279.1
2011 3 10 22 58 6.6401 68.585 279.04
2011 3 10 22 58 7.6401 68.648 278.97
2011 3 10 22 58 8.6401 68.711 278.91
2011 3 10 22 58 9.6401 68.775 278.85
2011 3 10 22 58 10.64 68.838 278.79
2011 3 10 22 58 11.64 68.901 278.72
2011 3 10 22 58 12.64 68.964 278.66
2011 3 10 22 58 13.64 69.027 278.6
2011 3 10 22 58 14.64 69.09 278.53
2011 3 10 22 58 15.64 69.153 278.47
2011 3 10 22 58 16.64 69.216 278.4
2011 3 10 22 58 17.64 69.28 278.34
2011 3 10 22 58 18.64 69.343 278.27
2011 3 10 22 58 19.64 69.406 278.21
2011 3 10 22 58 20.64 69.468 278.14
2011 3 10 22 58 21.64 69.531 278.07
2011 3 10 22 58 22.64 69.594 278.01
2011 3 10 22 58 23.64 69.657 277.94
2011 3 10 22 58 24.64 69.72 277.87
2011 3 10 22 58 25.64 69.783 277.8
2011 3 10 22 58 26.64 69.846 277.74
2011 3 10 22 58 27.64 69.909 277.67
2011 3 10 22 58 28.64 69.971 277.6
2011 3 10 22 58 29.64 70.034 277.53
2011 3 10 22 58 30.64 70.097 277.46
2011 3 10 22 58 31.64 70.16 277.39
2011 3 10 22 58 32.64 70.222 277.32
2011 3 10 22 58 33.64 70.285 277.24
2011 3 10 22 58 34.64 70.348 277.17
2011 3 10 22 58 35.64 70.41 277.1
2011 3 10 22 58 36.64 70.473 277.03
2011 3 10 22 58 37.64 70.535 276.96
2011 3 10 22 58 38.64 70.598 276.88
2011 3 10 22 58 39.64 70.66 276.81
2011 3 10 22 58 40.64 70.723 276.73
2011 3 10 22 58 41.64 70.785 276.66
2011 3 10 22 58 42.64 70.848 276.58
2011 3 10 22 58 43.64 70.91 276.51
2011 3 10 22 58 44.64 70.972 276.43
2011 3 10 22 58 45.64 71.035 276.36
2011 3 10 22 58 46.64 71.097 276.28
2011 3 10 22 58 47.64 71.159 276.2
2011 3 10 22 58 48.64 71.222 276.12
2011 3 10 22 58 49.64 71.284 276.05
2011 3 10 22 58 50.64 71.346 275.97
2011 3 10 22 58 51.64 71.408 275.89
2011 3 10 22 58 52.64 71.47 275.81
2011 3 10 22 58 53.64 71.532 275.73
2011 3 10 22 58 54.64 71.594 275.65
2011 3 10 22 58 55.64 71.656 275.57
2011 3 10 22 58 56.64 71.718 275.49
2011 3 10 22 58 57.64 71.78 275.4
2011 3 10 22 58 58.64 71.842 275.32
2011 3 10 22 58 59.64 71.904 275.24
2011 3 10 22 59 0.6401 71.966 275.15
2011 3 10 22 59 1.6401 72.028 275.07
2011 3 10 22 59 2.6401 72.09 274.98
2011 3 10 22 59 3.6401 72.151 274.9
2011 3 10 22 59 4.6401 72.213 274.81
2011 3 10 22 59 5.6401 72.275 274.73
2011 3 10 22 59 6.6401 72.337 274.64
2011 3 10 22 59 7.6401 72.398 274.55
2011 3 10 22 59 8.6401 72.46 274.46
2011 3 10 22 59 9.6401 72.521 274.37
2011 3 10 22 59 10.64 72.583 274.29
2011 3 10 22 59 11.64 72.644 274.2
2011 3 10 22 59 12.64 72.706 274.11
2011 3 10 22 59 13.64 72.767 274.01
2011 3 10 22 59 14.64 72.829 273.92
2011 3 10 22 59 15.64 72.89 273.83
2011 3 10 22 59 16.64 72.951 273.74
2011 3 10 22 59 17.64 73.012 273.64
2011 3 10 22 59 18.64 73.074 273.55
2011 3 10 22 59 19.64 73.135 273.45
2011 3 10 22 59 20.64 73.196 273.36
2011 3 10 22 59 21.64 73.257 273.26
2011 3 10 22 59 22.64 73.318 273.17
2011 3 10 22 59 23.64 73.379 273.07
2011 3 10 22 59 24.64 73.44 272.97
2011 3 10 22 59 25.64 73.501 272.87
2011 3 10 22 59 26.64 73.562 272.77
2011 3 10 22 59 27.64 73.623 272.67
2011 3 10 22 59 28.64 73.684 272.57
2011 3 10 22 59 29.64 73.744 272.47
2011 3 10 22 59 30.64 73.805 272.37
2011 3 10 22 59 31.64 73.866 272.27
2011 3 10 22 59 32.64 73.926 272.16
2011 3 10 22 59 33.64 73.987 272.06
2011 3 10 22 59 34.64 74.047 271.95
2011 3 10 22 59 35.64 74.108 271.85
2011 3 10 22 59 36.64 74.168 271.74
2011 3 10 22 59 37.64 74.229 271.63
2011 3 10 22 59 38.64 74.289 271.52
2011 3 10 22 59 39.64 74.349 271.42
2011 3 10 22 59 40.64 74.409 271.31
2011 3 10 22 59 41.64 74.47 271.2
2011 3 10 22 59 42.64 74.53 271.08
2011 3 10 22 59 43.64 74.59 270.97
2011 3 10 22 59 44.64 74.65 270.86
2011 3 10 22 59 45.64 74.71 270.75
2011 3 10 22 59 46.64 74.77 270.63
2011 3 10 22 59 47.64 74.83 270.52
2011 3 10 22 59 48.64 74.889 270.4
2011 3 10 22 59 49.64 74.949 270.28
2011 3 10 22 59 50.64 75.009 270.16
2011 3 10 22 59 51.64 75.068 270.04
2011 3 10 22 59 52.64 75.128 269.92
2011 3 10 22 59 53.64 75.187 269.8
2011 3 10 22 59 54.64 75.247 269.68
2011 3 10 22 59 55.64 75.306 269.56
2011 3 10 22 59 56.64 75.366 269.44
2011 3 10 22 59 57.64 75.425 269.31
2011 3 10 22 59 58.64 75.484 269.19
2011 3 10 22 59 59.64 75.543 269.06
2011 3 10 23 0 0.6401 75.602 268.93
2011 3 10 23 0 1.6401 75.661 268.8
2011 3 10 23 0 2.6401 75.72 268.67
2011 3 10 23 0 3.6401 75.779 268.54
2011 3 10 23 0 4.6401 75.838 268.41
2011 3 10 23 0 5.6401 75.897 268.28
2011 3 10 23 0 6.6401 75.955 268.15
2011 3 10 23 0 7.6401 76.014 268.01
2011 3 10 23 0 8.6401 76.073 267.88
2011 3 10 23 0 9.6401 76.131 267.74
2011 3 10 23 0 10.64 76.189 267.6
2011 3 10 23 0 11.64 76.248 267.46
2011 3 10 23 0 12.64 76.306 267.32
2011 3 10 23 0 13.64 76.364 267.18
2011 3 10 23 0 14.64 76.422 267.04
2011 3 10 23 0 15.64 76.48 266.9
2011 3 10 23 0 16.64 76.538 266.75
2011 3 10 23 0 17.64 76.596 266.6
2011 3 10 23 0 18.64 76.654 266.46
2011 3 10 23 0 19.64 76.712 266.31
2011 3 10 23 0 20.64 76.769 266.16
2011 3 10 23 0 21.64 76.827 266.01
2011 3 10 23 0 22.64 76.884 265.86
2011 3 10 23 0 23.64 76.942 265.7
2011 3 10 23 0 24.64 76.999 265.55
2011 3 10 23 0 25.64 77.056 265.39
2011 3 10 23 0 26.64 77.113 265.24
2011 3 10 23 0 27.64 77.17 265.08
2011 3 10 23 0 28.64 77.227 264.92
2011 3 10 23 0 29.64 77.284 264.76
2011 3 10 23 0 30.64 77.341 264.59
2011 3 10 23 0 31.64 77.397 264.43
2011 3 10 23 0 32.64 77.454 264.26
2011 3 10 23 0 33.64 77.51 264.1
2011 3 10 23 0 34.64 77.567 263.93
2011 3 10 23 0 35.64 77.623 263.76
2011 3 10 23 0 36.64 77.679 263.59
2011 3 10 23 0 37.64 77.735 263.41
2011 3 10 23 0 38.64 77.791 263.24
2011 3 10 23 0 39.64 77.847 263.06
2011 3 10 23 0 40.64 77.902 262.89
2011 3 10 23 0 41.64 77.958 262.71
2011 3 10 23 0 42.64 78.014 262.53
2011 3 10 23 0 43.64 78.069 262.34
2011 3 10 23 0 44.64 78.124 262.16
2011 3 10 23 0 45.64 78.179 261.97
2011 3 10 23 0 46.64 78.234 261.79
2011 3 10 23 0 47.64 78.289 261.6
2011 3 10 23 0 48.64 78.344 261.41
2011 3 10 23 0 49.64 78.399 261.21
2011 3 10 23 0 50.64 78.453 261.02
2011 3 10 23 0 51.64 78.508 260.82
2011 3 10 23 0 52.64 78.562 260.63
2011 3 10 23 0 53.64 78.616 260.43
2011 3 10 23 0 54.64 78.67 260.23
2011 3 10 23 0 55.64 78.724 260.02
2011 3 10 23 0 56.64 78.778 259.82
2011 3 10 23 0 57.64 78.832 259.61
2011 3 10 23 0 58.64 78.885 259.4
2011 3 10 23 0 59.64 78.939 259.19
2011 3 10 23 1 0.6401 78.992 258.98
2011 3 10 23 1 1.6401 79.045 258.76
2011 3 10 23 1 2.6401 79.098 258.54
2011 3 10 23 1 3.6401 79.151 258.33
2011 3 10 23 1 4.6401 79.203 258.1
2011 3 10 23 1 5.6401 79.256 257.88
2011 3 10 23 1 6.6401 79.308 257.66
2011 3 10 23 1 7.6401 79.36 257.43
2011 3 10 23 1 8.6401 79.412 257.2
2011 3 10 23 1 9.6401 79.464 256.97
2011 3 10 23 1 10.64 79.516 256.73
2011 3 10 23 1 11.64 79.568 256.5
2011 3 10 23 1 12.64 79.619 256.26
2011 3 10 23 1 13.64 79.67 256.02
2011 3 10 23 1 14.64 79.721 255.77
2011 3 10 23 1 15.64 79.772 255.53
2011 3 10 23 1 16.64 79.823 255.28
2011 3 10 23 1 17.64 79.873 255.03
2011 3 10 23 1 18.64 79.923 254.78
2011 3 10 23 1 19.64 79.973 254.52
2011 3 10 23 1 20.64 80.023 254.27
2011 3 10 23 1 21.64 80.073 254
2011 3 10 23 1 22.64 80.123 253.74
2011 3 10 23 1 23.64 80.172 253.48
2011 3 10 23 1 24.64 80.221 253.21
2011 3 10 23 1 25.64 80.27 252.94
2011 3 10 23 1 26.64 80.319 252.66
2011 3 10 23 1 27.64 80.367 252.39
2011 3 10 23 1 28.64 80.415 252.11
2011 3 10 23 1 29.64 80.463 251.83
2011 3 10 23 1 30.64 80.511 251.54
2011 3 10 23 1 31.64 80.559 251.26
2011 3 10 23 1 32.64 80.606 250.97
2011 3 10 23 1 33.64 80.653 250.68
2011 3 10 23 1 34.64 80.7 250.38
2011 3 10 23 1 35.64 80.747 250.08
2011 3 10 23 1 36.64 80.793 249.78
2011 3 10 23 1 37.64 80.84 249.48
2011 3 10 23 1 38.64 80.886 249.17
2011 3 10 23 1 39.64 80.931 248.86
2011 3 10 23 1 40.64 80.977 248.54
2011 3 10 23 1 41.64 81.022 248.23
2011 3 10 23 1 42.64 81.067 247.91
2011 3 10 23 1 43.64 81.111 247.58
2011 3 10 23 1 44.64 81.156 247.26
2011 3 10 23 1 45.64 81.2 246.93
2011 3 10 23 1 46.64 81.244 246.6
2011 3 10 23 1 47.64 81.287 246.26
2011 3 10 23 1 48.64 81.33 245.92
2011 3 10 23 1 49.64 81.373 245.58
2011 3 10 23 1 50.64 81.416 245.23
2011 3 10 23 1 51.64 81.458 244.88
2011 3 10 23 1 52.64 81.5 244.53
2011 3 10 23 1 53.64 81.542 244.18
2011 3 10 23 1 54.64 81.583 243.82
2011 3 10 23 1 55.64 81.624 243.45
2011 3 10 23 1 56.64 81.665 243.09
2011 3 10 23 1 57.64 81.705 242.72
2011 3 10 23 1 58.64 81.745 242.34
2011 3 10 23 1 59.64 81.785 241.97
2011 3 10 23 2 0.6401 81.825 241.59
2011 3 10 23 2 1.6401 81.864 241.2
2011 3 10 23 2 2.6401 81.902 240.82
2011 3 10 23 2 3.6401 81.941 240.42
2011 3 10 23 2 4.6401 81.979 240.03
2011 3 10 23 2 5.6401 82.016 239.63
2011 3 10 23 2 6.6401 82.053 239.23
2011 3 10 23 2 7.6401 82.09 238.82
2011 3 10 23 2 8.6401 82.127 238.41
2011 3 10 23 2 9.6401 82.163 238
2011 3 10 23 2 10.64 82.198 237.58
2011 3 10 23 2 11.64 82.233 237.16
2011 3 10 23 2 12.64 82.268 236.74
2011 3 10 23 2 13.64 82.303 236.31
2011 3 10 23 2 14.64 82.337 235.87
2011 3 10 23 2 15.64 82.37 235.44
2011 3 10 23 2 16.64 82.403 235
2011 3 10 23 2 17.64 82.436 234.56
2011 3 10 23 2 18.64 82.468 234.11
2011 3 10 23 2 19.64 82.5 233.66
2011 3 10 23 2 20.64 82.531 233.2
2011 3 10 23 2 21.64 82.562 232.74
2011 3 10 23 2 22.64 82.593 232.28
2011 3 10 23 2 23.64 82.623 231.81
2011 3 10 23 2 24.64 82.652 231.34
2011 3 10 23 2 25.64 82.681 230.87
2011 3 10 23 2 26.64 82.709 230.39
2011 3 10 23 2 27.64 82.737 229.91
2011 3 10 23 2 28.64 82.765 229.43
2011 3 10 23 2 29.64 82.792 228.94
2011 3 10 23 2 30.64 82.818 228.45
2011 3 10 23 2 31.64 82.844 227.95
2011 3 10 23 2 32.64 82.87 227.46
2011 3 10 23 2 33.64 82.895 226.95
2011 3 10 23 2 34.64 82.919 226.45
2011 3 10 23 2 35.64 82.943 225.94
2011 3 10 23 2 36.64 82.966 225.43
2011 3 10 23 2 37.64 82.989 224.91
2011 3 10 23 2 38.64 83.011 224.39
2011 3 10 23 2 39.64 83.033 223.87
2011 3 10 23 2 40.64 83.054 223.34
2011 3 10 23 2 41.64 83.074 222.82
2011 3 10 23 2 42.64 83.094 222.28
2011 3 10 23 2 43.64 83.113 221.75
2011 3 10 23 2 44.64 83.132 221.21
2011 3 10 23 2 45.64 83.15 220.67
2011 3 10 23 2 46.64 83.168 220.13
2011 3 10 23 2 47.64 83.185 219.58
2011 3 10 23 2 48.64 83.201 219.03
2011 3 10 23 2 49.64 83.217 218.48
2011 3 10 23 2 50.64 83.232 217.93
2011 3 10 23 2 51.64 83.246 217.37
