2011 3 11 17 0 0.6375 83.397 293.7
2011 3 11 17 0 1.6375 83.395 293.12
2011 3 11 17 0 2.6375 83.391 292.54
2011 3 11 17 0 3.6375 83.387 291.96
2011 3 11 17 0 4.6375 83.383 291.38
2011 3 11 17 0 5.6375 83.377 290.8
2011 3 11 17 0 6.6375 83.371 290.22
2011 3 11 17 0 7.6375 83.365 289.64
2011 3 11 17 0 8.6375 83.357 289.07
2011 3 11 17 0 9.6375 83.349 288.49
2011 3 11 17 0 10.637 83.341 287.92
2011 3 11 17 0 11.637 83.331 287.35
2011 3 11 17 0 12.637 83.322 286.78
2011 3 11 17 0 13.637 83.311 286.21
2011 3 11 17 0 14.637 83.3 285.64
2011 3 11 17 0 15.637 83.288 285.08
2011 3 11 17 0 16.637 83.276 284.51
2011 3 11 17 0 17.637 83.262 283.95
2011 3 11 17 0 18.637 83.249 283.39
2011 3 11 17 0 19.637 83.234 282.84
2011 3 11 17 0 20.637 83.219 282.28
2011 3 11 17 0 21.637 83.204 281.73
2011 3 11 17 0 22.637 83.188 281.18
2011 3 11 17 0 23.637 83.171 280.64
2011 3 11 17 0 24.637 83.153 280.09
2011 3 11 17 0 25.637 83.135 279.55
2011 3 11 17 0 26.637 83.117 279.01
2011 3 11 17 0 27.637 83.098 278.48
2011 3 11 17 0 28.637 83.078 277.95
2011 3 11 17 0 29.637 83.058 277.42
2011 3 11 17 0 30.637 83.037 276.89
2011 3 11 17 0 31.637 83.015 276.37
2011 3 11 17 0 32.637 82.993 275.85
2011 3 11 17 0 33.637 82.97 275.33
2011 3 11 17 0 34.637 82.947 274.82
2011 3 11 17 0 35.637 82.924 274.31
2011 3 11 17 0 36.637 82.899 273.8
2011 3 11 17 0 37.637 82.875 273.3
2011 3 11 17 0 38.637 82.849 272.8
2011 3 11 17 0 39.637 82.823 272.3
2011 3 11 17 0 40.637 82.797 271.81
2011 3 11 17 0 41.637 82.77 271.32
2011 3 11 17 0 42.637 82.743 270.84
2011 3 11 17 0 43.637 82.715 270.36
2011 3 11 17 0 44.637 82.686 269.88
2011 3 11 17 0 45.637 82.658 269.4
2011 3 11 17 0 46.637 82.628 268.93
2011 3 11 17 0 47.637 82.598 268.47
2011 3 11 17 0 48.637 82.568 268
2011 3 11 17 0 49.637 82.537 267.54
2011 3 11 17 0 50.637 82.506 267.09
2011 3 11 17 0 51.637 82.474 266.64
2011 3 11 17 0 52.637 82.442 266.19
2011 3 11 17 0 53.637 82.41 265.74
2011 3 11 17 0 54.637 82.377 265.3
2011 3 11 17 0 55.637 82.343 264.87
2011 3 11 17 0 56.637 82.309 264.43
2011 3 11 17 0 57.637 82.275 264
2011 3 11 17 0 58.637 82.24 263.58
2011 3 11 17 0 59.637 82.205 263.16
2011 3 11 17 1 0.6375 82.17 262.74
2011 3 11 17 1 1.6375 82.134 262.33
2011 3 11 17 1 2.6375 82.097 261.91
2011 3 11 17 1 3.6375 82.06 261.51
2011 3 11 17 1 4.6375 82.023 261.1
2011 3 11 17 1 5.6375 81.986 260.71
2011 3 11 17 1 6.6375 81.948 260.31
2011 3 11 17 1 7.6375 81.91 259.92
2011 3 11 17 1 8.6375 81.871 259.53
2011 3 11 17 1 9.6375 81.832 259.14
2011 3 11 17 1 10.637 81.793 258.76
2011 3 11 17 1 11.637 81.753 258.39
2011 3 11 17 1 12.637 81.713 258.01
2011 3 11 17 1 13.637 81.673 257.64
2011 3 11 17 1 14.637 81.632 257.27
2011 3 11 17 1 15.637 81.591 256.91
2011 3 11 17 1 16.637 81.55 256.55
2011 3 11 17 1 17.637 81.508 256.19
2011 3 11 17 1 18.637 81.466 255.84
2011 3 11 17 1 19.637 81.424 255.49
2011 3 11 17 1 20.637 81.382 255.14
2011 3 11 17 1 21.637 81.339 254.8
2011 3 11 17 1 22.637 81.296 254.46
2011 3 11 17 1 23.637 81.252 254.12
2011 3 11 17 1 24.637 81.208 253.79
2011 3 11 17 1 25.637 81.164 253.46
2011 3 11 17 1 26.637 81.12 253.13
2011 3 11 17 1 27.637 81.075 252.81
2011 3 11 17 1 28.637 81.031 252.49
2011 3 11 17 1 29.637 80.985 252.17
2011 3 11 17 1 30.637 80.94 251.86
2011 3 11 17 1 31.637 80.894 251.55
2011 3 11 17 1 32.637 80.849 251.24
2011 3 11 17 1 33.637 80.802 250.94
2011 3 11 17 1 34.637 80.756 250.63
2011 3 11 17 1 35.637 80.709 250.33
2011 3 11 17 1 36.637 80.663 250.04
2011 3 11 17 1 37.637 80.615 249.74
2011 3 11 17 1 38.637 80.568 249.45
2011 3 11 17 1 39.637 80.521 249.17
2011 3 11 17 1 40.637 80.473 248.88
2011 3 11 17 1 41.637 80.425 248.6
2011 3 11 17 1 42.637 80.377 248.32
2011 3 11 17 1 43.637 80.328 248.04
2011 3 11 17 1 44.637 80.279 247.77
2011 3 11 17 1 45.637 80.231 247.5
2011 3 11 17 1 46.637 80.181 247.23
2011 3 11 17 1 47.637 80.132 246.97
2011 3 11 17 1 48.637 80.083 246.7
2011 3 11 17 1 49.637 80.033 246.44
2011 3 11 17 1 50.637 79.983 246.18
2011 3 11 17 1 51.637 79.933 245.93
2011 3 11 17 1 52.637 79.883 245.67
2011 3 11 17 1 53.637 79.832 245.42
2011 3 11 17 1 54.637 79.782 245.17
2011 3 11 17 1 55.637 79.731 244.93
2011 3 11 17 1 56.637 79.68 244.68
2011 3 11 17 1 57.637 79.629 244.44
2011 3 11 17 1 58.637 79.578 244.2
2011 3 11 17 1 59.637 79.526 243.97
2011 3 11 17 2 0.6375 79.474 243.73
2011 3 11 17 2 1.6375 79.423 243.5
2011 3 11 17 2 2.6375 79.371 243.27
2011 3 11 17 2 3.6375 79.319 243.04
2011 3 11 17 2 4.6375 79.266 242.82
2011 3 11 17 2 5.6375 79.214 242.59
2011 3 11 17 2 6.6375 79.161 242.37
2011 3 11 17 2 7.6375 79.108 242.15
2011 3 11 17 2 8.6375 79.055 241.94
2011 3 11 17 2 9.6375 79.002 241.72
2011 3 11 17 2 10.637 78.949 241.51
2011 3 11 17 2 11.637 78.896 241.3
2011 3 11 17 2 12.637 78.842 241.09
2011 3 11 17 2 13.637 78.789 240.88
2011 3 11 17 2 14.637 78.735 240.67
2011 3 11 17 2 15.637 78.681 240.47
2011 3 11 17 2 16.637 78.627 240.27
2011 3 11 17 2 17.637 78.573 240.07
2011 3 11 17 2 18.637 78.519 239.87
2011 3 11 17 2 19.637 78.464 239.67
2011 3 11 17 2 20.637 78.41 239.48
2011 3 11 17 2 21.637 78.355 239.29
2011 3 11 17 2 22.637 78.3 239.09
2011 3 11 17 2 23.637 78.245 238.91
2011 3 11 17 2 24.637 78.19 238.72
2011 3 11 17 2 25.637 78.135 238.53
2011 3 11 17 2 26.637 78.08 238.35
2011 3 11 17 2 27.637 78.024 238.16
2011 3 11 17 2 28.637 77.969 237.98
2011 3 11 17 2 29.637 77.913 237.8
2011 3 11 17 2 30.637 77.858 237.63
2011 3 11 17 2 31.637 77.802 237.45
2011 3 11 17 2 32.637 77.746 237.28
2011 3 11 17 2 33.637 77.69 237.1
2011 3 11 17 2 34.637 77.634 236.93
2011 3 11 17 2 35.637 77.578 236.76
2011 3 11 17 2 36.637 77.521 236.59
2011 3 11 17 2 37.637 77.465 236.42
2011 3 11 17 2 38.637 77.408 236.26
2011 3 11 17 2 39.637 77.352 236.09
2011 3 11 17 2 40.637 77.295 235.93
2011 3 11 17 2 41.637 77.238 235.77
2011 3 11 17 2 42.637 77.181 235.61
2011 3 11 17 2 43.637 77.124 235.45
2011 3 11 17 2 44.637 77.067 235.29
2011 3 11 17 2 45.637 77.01 235.14
2011 3 11 17 2 46.637 76.953 234.98
2011 3 11 17 2 47.637 76.895 234.83
2011 3 11 17 2 48.637 76.838 234.68
2011 3 11 17 2 49.637 76.78 234.52
2011 3 11 17 2 50.637 76.723 234.37
2011 3 11 17 2 51.637 76.665 234.23
2011 3 11 17 2 52.637 76.607 234.08
2011 3 11 17 2 53.637 76.55 233.93
2011 3 11 17 2 54.637 76.492 233.79
2011 3 11 17 2 55.637 76.434 233.64
2011 3 11 17 2 56.637 76.376 233.5
2011 3 11 17 2 57.637 76.317 233.36
2011 3 11 17 2 58.637 76.259 233.22
2011 3 11 17 2 59.637 76.201 233.08
2011 3 11 17 3 0.6375 76.142 232.94
2011 3 11 17 3 1.6375 76.084 232.8
2011 3 11 17 3 2.6375 76.026 232.67
2011 3 11 17 3 3.6375 75.967 232.53
2011 3 11 17 3 4.6375 75.908 232.4
2011 3 11 17 3 5.6375 75.85 232.27
2011 3 11 17 3 6.6375 75.791 232.14
2011 3 11 17 3 7.6375 75.732 232.01
2011 3 11 17 3 8.6375 75.673 231.88
2011 3 11 17 3 9.6375 75.614 231.75
2011 3 11 17 3 10.637 75.555 231.62
2011 3 11 17 3 11.637 75.496 231.49
2011 3 11 17 3 12.637 75.437 231.37
2011 3 11 17 3 13.637 75.377 231.24
2011 3 11 17 3 14.637 75.318 231.12
2011 3 11 17 3 15.637 75.259 231
2011 3 11 17 3 16.637 75.199 230.87
2011 3 11 17 3 17.637 75.14 230.75
2011 3 11 17 3 18.637 75.08 230.63
2011 3 11 17 3 19.637 75.02 230.51
2011 3 11 17 3 20.637 74.961 230.4
2011 3 11 17 3 21.637 74.901 230.28
2011 3 11 17 3 22.637 74.841 230.16
2011 3 11 17 3 23.637 74.781 230.05
2011 3 11 17 3 24.637 74.722 229.93
2011 3 11 17 3 25.637 74.662 229.82
2011 3 11 17 3 26.637 74.602 229.7
2011 3 11 17 3 27.637 74.542 229.59
2011 3 11 17 3 28.637 74.481 229.48
2011 3 11 17 3 29.637 74.421 229.37
2011 3 11 17 3 30.637 74.361 229.26
2011 3 11 17 3 31.637 74.301 229.15
2011 3 11 17 3 32.637 74.24 229.04
2011 3 11 17 3 33.637 74.18 228.93
2011 3 11 17 3 34.637 74.12 228.83
2011 3 11 17 3 35.637 74.059 228.72
2011 3 11 17 3 36.637 73.999 228.62
2011 3 11 17 3 37.637 73.938 228.51
2011 3 11 17 3 38.637 73.878 228.41
2011 3 11 17 3 39.637 73.817 228.31
2011 3 11 17 3 40.637 73.756 228.2
2011 3 11 17 3 41.637 73.695 228.1
2011 3 11 17 3 42.637 73.635 228
2011 3 11 17 3 43.637 73.574 227.9
2011 3 11 17 3 44.637 73.513 227.8
2011 3 11 17 3 45.637 73.452 227.7
2011 3 11 17 3 46.637 73.391 227.6
2011 3 11 17 3 47.637 73.33 227.51
2011 3 11 17 3 48.637 73.269 227.41
2011 3 11 17 3 49.637 73.208 227.31
2011 3 11 17 3 50.637 73.147 227.22
2011 3 11 17 3 51.637 73.086 227.12
2011 3 11 17 3 52.637 73.024 227.03
2011 3 11 17 3 53.637 72.963 226.93
2011 3 11 17 3 54.637 72.902 226.84
2011 3 11 17 3 55.637 72.841 226.75
2011 3 11 17 3 56.637 72.779 226.66
2011 3 11 17 3 57.637 72.718 226.57
2011 3 11 17 3 58.637 72.656 226.48
2011 3 11 17 3 59.637 72.595 226.39
2011 3 11 17 4 0.6375 72.533 226.3
2011 3 11 17 4 1.6375 72.472 226.21
2011 3 11 17 4 2.6375 72.41 226.12
2011 3 11 17 4 3.6375 72.349 226.03
2011 3 11 17 4 4.6375 72.287 225.94
2011 3 11 17 4 5.6375 72.225 225.86
2011 3 11 17 4 6.6375 72.164 225.77
2011 3 11 17 4 7.6375 72.102 225.69
2011 3 11 17 4 8.6375 72.04 225.6
2011 3 11 17 4 9.6375 71.978 225.52
2011 3 11 17 4 10.637 71.916 225.43
2011 3 11 17 4 11.637 71.854 225.35
2011 3 11 17 4 12.637 71.792 225.27
2011 3 11 17 4 13.637 71.73 225.18
2011 3 11 17 4 14.637 71.668 225.1
2011 3 11 17 4 15.637 71.606 225.02
2011 3 11 17 4 16.637 71.544 224.94
2011 3 11 17 4 17.637 71.482 224.86
2011 3 11 17 4 18.637 71.42 224.78
2011 3 11 17 4 19.637 71.358 224.7
2011 3 11 17 4 20.637 71.296 224.62
2011 3 11 17 4 21.637 71.234 224.54
2011 3 11 17 4 22.637 71.171 224.47
2011 3 11 17 4 23.637 71.109 224.39
2011 3 11 17 4 24.637 71.047 224.31
2011 3 11 17 4 25.637 70.985 224.24
2011 3 11 17 4 26.637 70.922 224.16
2011 3 11 17 4 27.637 70.86 224.08
2011 3 11 17 4 28.637 70.797 224.01
2011 3 11 17 4 29.637 70.735 223.93
2011 3 11 17 4 30.637 70.672 223.86
2011 3 11 17 4 31.637 70.61 223.79
2011 3 11 17 4 32.637 70.547 223.71
2011 3 11 17 4 33.637 70.485 223.64
2011 3 11 17 4 34.637 70.422 223.57
2011 3 11 17 4 35.637 70.36 223.49
2011 3 11 17 4 36.637 70.297 223.42
2011 3 11 17 4 37.637 70.234 223.35
2011 3 11 17 4 38.637 70.172 223.28
2011 3 11 17 4 39.637 70.109 223.21
2011 3 11 17 4 40.637 70.046 223.14
2011 3 11 17 4 41.637 69.984 223.07
2011 3 11 17 4 42.637 69.921 223
2011 3 11 17 4 43.637 69.858 222.93
2011 3 11 17 4 44.637 69.795 222.86
2011 3 11 17 4 45.637 69.732 222.8
2011 3 11 17 4 46.637 69.67 222.73
2011 3 11 17 4 47.637 69.607 222.66
2011 3 11 17 4 48.637 69.544 222.59
2011 3 11 17 4 49.637 69.481 222.53
2011 3 11 17 4 50.637 69.418 222.46
2011 3 11 17 4 51.637 69.355 222.39
2011 3 11 17 4 52.637 69.292 222.33
2011 3 11 17 4 53.637 69.229 222.26
2011 3 11 17 4 54.637 69.166 222.2
2011 3 11 17 4 55.637 69.103 222.13
2011 3 11 17 4 56.637 69.04 222.07
2011 3 11 17 4 57.637 68.976 222.01
2011 3 11 17 4 58.637 68.913 221.94
2011 3 11 17 4 59.637 68.85 221.88
2011 3 11 17 5 0.6375 68.787 221.82
2011 3 11 17 5 1.6375 68.724 221.75
2011 3 11 17 5 2.6375 68.661 221.69
2011 3 11 17 5 3.6375 68.597 221.63
2011 3 11 17 5 4.6375 68.534 221.57
2011 3 11 17 5 5.6375 68.471 221.51
2011 3 11 17 5 6.6375 68.407 221.45
2011 3 11 17 5 7.6375 68.344 221.39
2011 3 11 17 5 8.6375 68.281 221.33
2011 3 11 17 5 9.6375 68.217 221.27
2011 3 11 17 5 10.637 68.154 221.21
2011 3 11 17 5 11.637 68.091 221.15
2011 3 11 17 5 12.637 68.027 221.09
2011 3 11 17 5 13.637 67.964 221.03
2011 3 11 17 5 14.637 67.9 220.97
2011 3 11 17 5 15.637 67.837 220.91
2011 3 11 17 5 16.637 67.773 220.85
2011 3 11 17 5 17.637 67.71 220.8
2011 3 11 17 5 18.637 67.646 220.74
2011 3 11 17 5 19.637 67.583 220.68
2011 3 11 17 5 20.637 67.519 220.63
2011 3 11 17 5 21.637 67.456 220.57
2011 3 11 17 5 22.637 67.392 220.51
2011 3 11 17 5 23.637 67.328 220.46
2011 3 11 17 5 24.637 67.265 220.4
2011 3 11 17 5 25.637 67.201 220.35
2011 3 11 17 5 26.637 67.137 220.29
2011 3 11 17 5 27.637 67.074 220.24
2011 3 11 17 5 28.637 67.01 220.18
2011 3 11 17 5 29.637 66.946 220.13
2011 3 11 17 5 30.637 66.883 220.07
2011 3 11 17 5 31.637 66.819 220.02
2011 3 11 17 5 32.637 66.755 219.97
2011 3 11 17 5 33.637 66.691 219.91
2011 3 11 17 5 34.637 66.627 219.86
2011 3 11 17 5 35.637 66.564 219.81
2011 3 11 17 5 36.637 66.5 219.76
2011 3 11 17 5 37.637 66.436 219.7
2011 3 11 17 5 38.637 66.372 219.65
2011 3 11 17 5 39.637 66.308 219.6
2011 3 11 17 5 40.637 66.244 219.55
2011 3 11 17 5 41.637 66.18 219.5
2011 3 11 17 5 42.637 66.117 219.45
2011 3 11 17 5 43.637 66.053 219.39
2011 3 11 17 5 44.637 65.989 219.34
2011 3 11 17 5 45.637 65.925 219.29
2011 3 11 17 5 46.637 65.861 219.24
2011 3 11 17 5 47.637 65.797 219.19
2011 3 11 17 5 48.637 65.733 219.14
2011 3 11 17 5 49.637 65.669 219.09
2011 3 11 17 5 50.637 65.605 219.05
2011 3 11 17 5 51.637 65.541 219
2011 3 11 17 5 52.637 65.477 218.95
2011 3 11 17 5 53.637 65.412 218.9
2011 3 11 17 5 54.637 65.348 218.85
2011 3 11 17 5 55.637 65.284 218.8
2011 3 11 17 5 56.637 65.22 218.76
2011 3 11 17 5 57.637 65.156 218.71
2011 3 11 17 5 58.637 65.092 218.66
2011 3 11 17 5 59.637 65.028 218.61
2011 3 11 17 6 0.6375 64.964 218.57
2011 3 11 17 6 1.6375 64.899 218.52
2011 3 11 17 6 2.6375 64.835 218.47
2011 3 11 17 6 3.6375 64.771 218.43
2011 3 11 17 6 4.6375 64.707 218.38
2011 3 11 17 6 5.6375 64.643 218.33
2011 3 11 17 6 6.6375 64.578 218.29
2011 3 11 17 6 7.6375 64.514 218.24
2011 3 11 17 6 8.6375 64.45 218.2
2011 3 11 17 6 9.6375 64.385 218.15
2011 3 11 17 6 10.637 64.321 218.11
2011 3 11 17 6 11.637 64.257 218.06
2011 3 11 17 6 12.637 64.193 218.02
2011 3 11 17 6 13.637 64.128 217.97
2011 3 11 17 6 14.637 64.064 217.93
2011 3 11 17 6 15.637 63.999 217.88
2011 3 11 17 6 16.637 63.935 217.84
2011 3 11 17 6 17.637 63.871 217.8
2011 3 11 17 6 18.637 63.806 217.75
2011 3 11 17 6 19.637 63.742 217.71
2011 3 11 17 6 20.637 63.678 217.67
2011 3 11 17 6 21.637 63.613 217.62
2011 3 11 17 6 22.637 63.549 217.58
2011 3 11 17 6 23.637 63.484 217.54
2011 3 11 17 6 24.637 63.42 217.49
2011 3 11 17 6 25.637 63.355 217.45
2011 3 11 17 6 26.637 63.291 217.41
2011 3 11 17 6 27.637 63.226 217.37
2011 3 11 17 6 28.637 63.162 217.33
2011 3 11 17 6 29.637 63.097 217.28
2011 3 11 17 6 30.637 63.033 217.24
2011 3 11 17 6 31.637 62.968 217.2
2011 3 11 17 6 32.637 62.904 217.16
2011 3 11 17 6 33.637 62.839 217.12
2011 3 11 17 6 34.637 62.775 217.08
2011 3 11 17 6 35.637 62.71 217.04
2011 3 11 17 6 36.637 62.645 217
2011 3 11 17 6 37.637 62.581 216.96
2011 3 11 17 6 38.637 62.516 216.92
2011 3 11 17 6 39.637 62.452 216.88
2011 3 11 17 6 40.637 62.387 216.84
2011 3 11 17 6 41.637 62.322 216.8
2011 3 11 17 6 42.637 62.258 216.76
2011 3 11 17 6 43.637 62.193 216.72
2011 3 11 17 6 44.637 62.128 216.68
2011 3 11 17 6 45.637 62.064 216.64
2011 3 11 17 6 46.637 61.999 216.6
2011 3 11 17 6 47.637 61.934 216.56
2011 3 11 17 6 48.637 61.87 216.52
2011 3 11 17 6 49.637 61.805 216.48
2011 3 11 17 6 50.637 61.74 216.45
2011 3 11 17 6 51.637 61.676 216.41
2011 3 11 17 6 52.637 61.611 216.37
2011 3 11 17 6 53.637 61.546 216.33
2011 3 11 17 6 54.637 61.481 216.29
2011 3 11 17 6 55.637 61.417 216.26
2011 3 11 17 6 56.637 61.352 216.22
2011 3 11 17 6 57.637 61.287 216.18
2011 3 11 17 6 58.637 61.222 216.14
2011 3 11 17 6 59.637 61.157 216.11
2011 3 11 17 7 0.6375 61.093 216.07
2011 3 11 17 7 1.6375 61.028 216.03
2011 3 11 17 7 2.6375 60.963 216
2011 3 11 17 7 3.6375 60.898 215.96
2011 3 11 17 7 4.6375 60.833 215.92
2011 3 11 17 7 5.6375 60.768 215.89
2011 3 11 17 7 6.6375 60.704 215.85
2011 3 11 17 7 7.6375 60.639 215.81
2011 3 11 17 7 8.6375 60.574 215.78
2011 3 11 17 7 9.6375 60.509 215.74
2011 3 11 17 7 10.637 60.444 215.71
2011 3 11 17 7 11.637 60.379 215.67
2011 3 11 17 7 12.637 60.314 215.63
2011 3 11 17 7 13.637 60.249 215.6
2011 3 11 17 7 14.637 60.184 215.56
2011 3 11 17 7 15.637 60.119 215.53
2011 3 11 17 7 16.637 60.054 215.49
2011 3 11 17 7 17.637 59.989 215.46
2011 3 11 17 7 18.637 59.925 215.42
2011 3 11 17 7 19.637 59.86 215.39
2011 3 11 17 7 20.637 59.795 215.35
2011 3 11 17 7 21.637 59.73 215.32
2011 3 11 17 7 22.637 59.665 215.29
2011 3 11 17 7 23.637 59.6 215.25
2011 3 11 17 7 24.637 59.535 215.22
2011 3 11 17 7 25.637 59.47 215.18
2011 3 11 17 7 26.637 59.405 215.15
2011 3 11 17 7 27.637 59.34 215.12
2011 3 11 17 7 28.637 59.275 215.08
2011 3 11 17 7 29.637 59.209 215.05
2011 3 11 17 7 30.637 59.144 215.02
2011 3 11 17 7 31.637 59.079 214.98
2011 3 11 17 7 32.637 59.014 214.95
2011 3 11 17 7 33.637 58.949 214.92
2011 3 11 17 7 34.637 58.884 214.88
2011 3 11 17 7 35.637 58.819 214.85
2011 3 11 17 7 36.637 58.754 214.82
2011 3 11 17 7 37.637 58.689 214.79
2011 3 11 17 7 38.637 58.624 214.75
2011 3 11 17 7 39.637 58.559 214.72
2011 3 11 17 7 40.637 58.493 214.69
2011 3 11 17 7 41.637 58.428 214.66
2011 3 11 17 7 42.637 58.363 214.62
2011 3 11 17 7 43.637 58.298 214.59
2011 3 11 17 7 44.637 58.233 214.56
2011 3 11 17 7 45.637 58.168 214.53
2011 3 11 17 7 46.637 58.103 214.5
2011 3 11 17 7 47.637 58.037 214.46
2011 3 11 17 7 48.637 57.972 214.43
2011 3 11 17 7 49.637 57.907 214.4
2011 3 11 17 7 50.637 57.842 214.37
2011 3 11 17 7 51.637 57.777 214.34
2011 3 11 17 7 52.637 57.711 214.31
2011 3 11 17 7 53.637 57.646 214.28
2011 3 11 17 7 54.637 57.581 214.25
2011 3 11 17 7 55.637 57.516 214.22
2011 3 11 17 7 56.637 57.451 214.18
2011 3 11 17 7 57.637 57.385 214.15
2011 3 11 17 7 58.637 57.32 214.12
2011 3 11 17 7 59.637 57.255 214.09
2011 3 11 17 8 0.6375 57.19 214.06
2011 3 11 17 8 1.6375 57.124 214.03
2011 3 11 17 8 2.6375 57.059 214
2011 3 11 17 8 3.6375 56.994 213.97
2011 3 11 17 8 4.6375 56.929 213.94
2011 3 11 17 8 5.6375 56.863 213.91
2011 3 11 17 8 6.6375 56.798 213.88
2011 3 11 17 8 7.6375 56.733 213.85
2011 3 11 17 8 8.6375 56.667 213.82
2011 3 11 17 8 9.6375 56.602 213.79
2011 3 11 17 8 10.637 56.537 213.76
2011 3 11 17 8 11.637 56.471 213.73
2011 3 11 17 8 12.637 56.406 213.71
2011 3 11 17 8 13.637 56.341 213.68
2011 3 11 17 8 14.637 56.275 213.65
2011 3 11 17 8 15.637 56.21 213.62
2011 3 11 17 8 16.637 56.145 213.59
2011 3 11 17 8 17.637 56.079 213.56
2011 3 11 17 8 18.637 56.014 213.53
2011 3 11 17 8 19.637 55.949 213.5
2011 3 11 17 8 20.637 55.883 213.47
2011 3 11 17 8 21.637 55.818 213.45
2011 3 11 17 8 22.637 55.752 213.42
2011 3 11 17 8 23.637 55.687 213.39
2011 3 11 17 8 24.637 55.622 213.36
2011 3 11 17 8 25.637 55.556 213.33
2011 3 11 17 8 26.637 55.491 213.3
2011 3 11 17 8 27.637 55.425 213.28
2011 3 11 17 8 28.637 55.36 213.25
2011 3 11 17 8 29.637 55.295 213.22
2011 3 11 17 8 30.637 55.229 213.19
2011 3 11 17 8 31.637 55.164 213.17
2011 3 11 17 8 32.637 55.098 213.14
2011 3 11 17 8 33.637 55.033 213.11
2011 3 11 17 8 34.637 54.967 213.08
2011 3 11 17 8 35.637 54.902 213.05
2011 3 11 17 8 36.637 54.837 213.03
2011 3 11 17 8 37.637 54.771 213
2011 3 11 17 8 38.637 54.706 212.97
2011 3 11 17 8 39.637 54.64 212.95
2011 3 11 17 8 40.637 54.575 212.92
2011 3 11 17 8 41.637 54.509 212.89
2011 3 11 17 8 42.637 54.444 212.86
2011 3 11 17 8 43.637 54.378 212.84
2011 3 11 17 8 44.637 54.313 212.81
2011 3 11 17 8 45.637 54.247 212.78
2011 3 11 17 8 46.637 54.182 212.76
2011 3 11 17 8 47.637 54.116 212.73
2011 3 11 17 8 48.637 54.051 212.71
2011 3 11 17 8 49.637 53.985 212.68
2011 3 11 17 8 50.637 53.919 212.65
2011 3 11 17 8 51.637 53.854 212.63
2011 3 11 17 8 52.637 53.788 212.6
2011 3 11 17 8 53.637 53.723 212.57
2011 3 11 17 8 54.637 53.657 212.55
2011 3 11 17 8 55.637 53.592 212.52
2011 3 11 17 8 56.637 53.526 212.5
2011 3 11 17 8 57.637 53.461 212.47
2011 3 11 17 8 58.637 53.395 212.44
2011 3 11 17 8 59.637 53.329 212.42
2011 3 11 17 9 0.6375 53.264 212.39
2011 3 11 17 9 1.6375 53.198 212.37
2011 3 11 17 9 2.6375 53.133 212.34
2011 3 11 17 9 3.6375 53.067 212.32
2011 3 11 17 9 4.6375 53.001 212.29
2011 3 11 17 9 5.6375 52.936 212.27
2011 3 11 17 9 6.6375 52.87 212.24
2011 3 11 17 9 7.6375 52.805 212.21
2011 3 11 17 9 8.6375 52.739 212.19
2011 3 11 17 9 9.6375 52.673 212.16
2011 3 11 17 9 10.637 52.608 212.14
2011 3 11 17 9 11.637 52.542 212.11
2011 3 11 17 9 12.637 52.477 212.09
2011 3 11 17 9 13.637 52.411 212.06
2011 3 11 17 9 14.637 52.345 212.04
2011 3 11 17 9 15.637 52.28 212.02
2011 3 11 17 9 16.637 52.214 211.99
2011 3 11 17 9 17.637 52.148 211.97
2011 3 11 17 9 18.637 52.083 211.94
2011 3 11 17 9 19.637 52.017 211.92
2011 3 11 17 9 20.637 51.951 211.89
2011 3 11 17 9 21.637 51.886 211.87
2011 3 11 17 9 22.637 51.82 211.84
2011 3 11 17 9 23.637 51.754 211.82
2011 3 11 17 9 24.637 51.689 211.8
2011 3 11 17 9 25.637 51.623 211.77
2011 3 11 17 9 26.637 51.557 211.75
2011 3 11 17 9 27.637 51.491 211.72
2011 3 11 17 9 28.637 51.426 211.7
2011 3 11 17 9 29.637 51.36 211.68
2011 3 11 17 9 30.637 51.294 211.65
2011 3 11 17 9 31.637 51.229 211.63
2011 3 11 17 9 32.637 51.163 211.6
2011 3 11 17 9 33.637 51.097 211.58
2011 3 11 17 9 34.637 51.031 211.56
2011 3 11 17 9 35.637 50.966 211.53
2011 3 11 17 9 36.637 50.9 211.51
2011 3 11 17 9 37.637 50.834 211.49
2011 3 11 17 9 38.637 50.768 211.46
2011 3 11 17 9 39.637 50.703 211.44
2011 3 11 17 9 40.637 50.637 211.42
2011 3 11 17 9 41.637 50.571 211.39
2011 3 11 17 9 42.637 50.505 211.37
2011 3 11 17 9 43.637 50.44 211.35
2011 3 11 17 9 44.637 50.374 211.32
2011 3 11 17 9 45.637 50.308 211.3
2011 3 11 17 9 46.637 50.242 211.28
2011 3 11 17 9 47.637 50.176 211.25
2011 3 11 17 9 48.637 50.111 211.23
2011 3 11 17 9 49.637 50.045 211.21
2011 3 11 17 9 50.637 49.979 211.19
2011 3 11 17 9 51.637 49.913 211.16
2011 3 11 17 9 52.637 49.847 211.14
2011 3 11 17 9 53.637 49.782 211.12
2011 3 11 17 9 54.637 49.716 211.1
2011 3 11 17 9 55.637 49.65 211.07
2011 3 11 17 9 56.637 49.584 211.05
2011 3 11 17 9 57.637 49.518 211.03
2011 3 11 17 9 58.637 49.453 211.01
2011 3 11 17 9 59.637 49.387 210.98
2011 3 11 17 10 0.6375 49.321 210.96
2011 3 11 17 10 1.6375 49.255 210.94
2011 3 11 17 10 2.6375 49.189 210.92
2011 3 11 17 10 3.6375 49.123 210.89
2011 3 11 17 10 4.6375 49.058 210.87
2011 3 11 17 10 5.6375 48.992 210.85
2011 3 11 17 10 6.6375 48.926 210.83
2011 3 11 17 10 7.6375 48.86 210.81
2011 3 11 17 10 8.6375 48.794 210.78
2011 3 11 17 10 9.6375 48.728 210.76
2011 3 11 17 10 10.637 48.662 210.74
2011 3 11 17 10 11.637 48.596 210.72
2011 3 11 17 10 12.637 48.531 210.7
2011 3 11 17 10 13.637 48.465 210.68
2011 3 11 17 10 14.637 48.399 210.65
2011 3 11 17 10 15.637 48.333 210.63
2011 3 11 17 10 16.637 48.267 210.61
2011 3 11 17 10 17.637 48.201 210.59
2011 3 11 17 10 18.637 48.135 210.57
2011 3 11 17 10 19.637 48.069 210.55
2011 3 11 17 10 20.637 48.003 210.53
2011 3 11 17 10 21.637 47.937 210.5
2011 3 11 17 10 22.637 47.872 210.48
2011 3 11 17 10 23.637 47.806 210.46
2011 3 11 17 10 24.637 47.74 210.44
2011 3 11 17 10 25.637 47.674 210.42
2011 3 11 17 10 26.637 47.608 210.4
2011 3 11 17 10 27.637 47.542 210.38
2011 3 11 17 10 28.637 47.476 210.36
2011 3 11 17 10 29.637 47.41 210.33
2011 3 11 17 10 30.637 47.344 210.31
2011 3 11 17 10 31.637 47.278 210.29
2011 3 11 17 10 32.637 47.212 210.27
2011 3 11 17 10 33.637 47.146 210.25
2011 3 11 17 10 34.637 47.08 210.23
2011 3 11 17 10 35.637 47.014 210.21
2011 3 11 17 10 36.637 46.948 210.19
2011 3 11 17 10 37.637 46.882 210.17
2011 3 11 17 10 38.637 46.816 210.15
2011 3 11 17 10 39.637 46.751 210.13
2011 3 11 17 10 40.637 46.685 210.11
2011 3 11 17 10 41.637 46.619 210.09
2011 3 11 17 10 42.637 46.553 210.07
2011 3 11 17 10 43.637 46.487 210.05
2011 3 11 17 10 44.637 46.421 210.03
2011 3 11 17 10 45.637 46.355 210
2011 3 11 17 10 46.637 46.289 209.98
2011 3 11 17 10 47.637 46.223 209.96
2011 3 11 17 10 48.637 46.157 209.94
2011 3 11 17 10 49.637 46.091 209.92
2011 3 11 17 10 50.637 46.025 209.9
2011 3 11 17 10 51.637 45.959 209.88
2011 3 11 17 10 52.637 45.893 209.86
2011 3 11 17 10 53.637 45.827 209.84
2011 3 11 17 10 54.637 45.761 209.82
2011 3 11 17 10 55.637 45.695 209.8
2011 3 11 17 10 56.637 45.628 209.78
2011 3 11 17 10 57.637 45.562 209.76
2011 3 11 17 10 58.637 45.496 209.74
2011 3 11 17 10 59.637 45.43 209.72
2011 3 11 17 11 0.6375 45.364 209.7
2011 3 11 17 11 1.6375 45.298 209.68
2011 3 11 17 11 2.6375 45.232 209.67
2011 3 11 17 11 3.6375 45.166 209.65
2011 3 11 17 11 4.6375 45.1 209.63
2011 3 11 17 11 5.6375 45.034 209.61
2011 3 11 17 11 6.6375 44.968 209.59
2011 3 11 17 11 7.6375 44.902 209.57
2011 3 11 17 11 8.6375 44.836 209.55
2011 3 11 17 11 9.6375 44.77 209.53
2011 3 11 17 11 10.637 44.704 209.51
2011 3 11 17 11 11.637 44.638 209.49
2011 3 11 17 11 12.637 44.572 209.47
2011 3 11 17 11 13.637 44.506 209.45
2011 3 11 17 11 14.637 44.44 209.43
2011 3 11 17 11 15.637 44.373 209.41
2011 3 11 17 11 16.637 44.307 209.39
2011 3 11 17 11 17.637 44.241 209.37
2011 3 11 17 11 18.637 44.175 209.35
2011 3 11 17 11 19.637 44.109 209.34
2011 3 11 17 11 20.637 44.043 209.32
2011 3 11 17 11 21.637 43.977 209.3
2011 3 11 17 11 22.637 43.911 209.28
2011 3 11 17 11 23.637 43.845 209.26
2011 3 11 17 11 24.637 43.779 209.24
2011 3 11 17 11 25.637 43.712 209.22
2011 3 11 17 11 26.637 43.646 209.2
2011 3 11 17 11 27.637 43.58 209.18
2011 3 11 17 11 28.637 43.514 209.17
2011 3 11 17 11 29.637 43.448 209.15
2011 3 11 17 11 30.637 43.382 209.13
2011 3 11 17 11 31.637 43.316 209.11
2011 3 11 17 11 32.637 43.25 209.09
2011 3 11 17 11 33.637 43.183 209.07
2011 3 11 17 11 34.637 43.117 209.05
2011 3 11 17 11 35.637 43.051 209.03
2011 3 11 17 11 36.637 42.985 209.02
2011 3 11 17 11 37.637 42.919 209
2011 3 11 17 11 38.637 42.853 208.98
2011 3 11 17 11 39.637 42.787 208.96
2011 3 11 17 11 40.637 42.72 208.94
2011 3 11 17 11 41.637 42.654 208.92
2011 3 11 17 11 42.637 42.588 208.9
2011 3 11 17 11 43.637 42.522 208.89
2011 3 11 17 11 44.637 42.456 208.87
2011 3 11 17 11 45.637 42.39 208.85
2011 3 11 17 11 46.637 42.323 208.83
2011 3 11 17 11 47.637 42.257 208.81
2011 3 11 17 11 48.637 42.191 208.8
2011 3 11 17 11 49.637 42.125 208.78
2011 3 11 17 11 50.637 42.059 208.76
2011 3 11 17 11 51.637 41.993 208.74
2011 3 11 17 11 52.637 41.926 208.72
2011 3 11 17 11 53.637 41.86 208.7
2011 3 11 17 11 54.637 41.794 208.69
2011 3 11 17 11 55.637 41.728 208.67
2011 3 11 17 11 56.637 41.662 208.65
2011 3 11 17 11 57.637 41.595 208.63
2011 3 11 17 11 58.637 41.529 208.61
2011 3 11 17 11 59.637 41.463 208.6
2011 3 11 17 12 0.6375 41.397 208.58
2011 3 11 17 12 1.6375 41.331 208.56
2011 3 11 17 12 2.6375 41.264 208.54
2011 3 11 17 12 3.6375 41.198 208.53
2011 3 11 17 12 4.6375 41.132 208.51
2011 3 11 17 12 5.6375 41.066 208.49
2011 3 11 17 12 6.6375 41 208.47
2011 3 11 17 12 7.6375 40.933 208.45
2011 3 11 17 12 8.6375 40.867 208.44
2011 3 11 17 12 9.6375 40.801 208.42
2011 3 11 17 12 10.637 40.735 208.4
2011 3 11 17 12 11.637 40.668 208.38
2011 3 11 17 12 12.637 40.602 208.37
2011 3 11 17 12 13.637 40.536 208.35
2011 3 11 17 12 14.637 40.47 208.33
2011 3 11 17 12 15.637 40.403 208.31
2011 3 11 17 12 16.637 40.337 208.3
2011 3 11 17 12 17.637 40.271 208.28
2011 3 11 17 12 18.637 40.205 208.26
2011 3 11 17 12 19.637 40.138 208.24
2011 3 11 17 12 20.637 40.072 208.23
2011 3 11 17 12 21.637 40.006 208.21
2011 3 11 17 12 22.637 39.94 208.19
2011 3 11 17 12 23.637 39.873 208.18
2011 3 11 17 12 24.637 39.807 208.16
2011 3 11 17 12 25.637 39.741 208.14
2011 3 11 17 12 26.637 39.675 208.12
2011 3 11 17 12 27.637 39.608 208.11
2011 3 11 17 12 28.637 39.542 208.09
2011 3 11 17 12 29.637 39.476 208.07
2011 3 11 17 12 30.637 39.409 208.06
2011 3 11 17 12 31.637 39.343 208.04
2011 3 11 17 12 32.637 39.277 208.02
2011 3 11 17 12 33.637 39.211 208
2011 3 11 17 12 34.637 39.144 207.99
2011 3 11 17 12 35.637 39.078 207.97
2011 3 11 17 12 36.637 39.012 207.95
2011 3 11 17 12 37.637 38.945 207.94
2011 3 11 17 12 38.637 38.879 207.92
2011 3 11 17 12 39.637 38.813 207.9
2011 3 11 17 12 40.637 38.747 207.89
2011 3 11 17 12 41.637 38.68 207.87
2011 3 11 17 12 42.637 38.614 207.85
2011 3 11 17 12 43.637 38.548 207.84
2011 3 11 17 12 44.637 38.481 207.82
2011 3 11 17 12 45.637 38.415 207.8
2011 3 11 17 12 46.637 38.349 207.79
2011 3 11 17 12 47.637 38.282 207.77
2011 3 11 17 12 48.637 38.216 207.75
2011 3 11 17 12 49.637 38.15 207.74
2011 3 11 17 12 50.637 38.083 207.72
2011 3 11 17 12 51.637 38.017 207.7
2011 3 11 17 12 52.637 37.951 207.69
2011 3 11 17 12 53.637 37.884 207.67
2011 3 11 17 12 54.637 37.818 207.65
2011 3 11 17 12 55.637 37.752 207.64
2011 3 11 17 12 56.637 37.685 207.62
2011 3 11 17 12 57.637 37.619 207.6
2011 3 11 17 12 58.637 37.553 207.59
2011 3 11 17 12 59.637 37.486 207.57
2011 3 11 17 13 0.6375 37.42 207.55
2011 3 11 17 13 1.6375 37.354 207.54
2011 3 11 17 13 2.6375 37.287 207.52
2011 3 11 17 13 3.6375 37.221 207.5
2011 3 11 17 13 4.6375 37.155 207.49
2011 3 11 17 13 5.6375 37.088 207.47
2011 3 11 17 13 6.6375 37.022 207.46
2011 3 11 17 13 7.6375 36.956 207.44
2011 3 11 17 13 8.6375 36.889 207.42
2011 3 11 17 13 9.6375 36.823 207.41
2011 3 11 17 13 10.637 36.756 207.39
2011 3 11 17 13 11.637 36.69 207.37
2011 3 11 17 13 12.637 36.624 207.36
2011 3 11 17 13 13.637 36.557 207.34
2011 3 11 17 13 14.637 36.491 207.33
2011 3 11 17 13 15.637 36.425 207.31
2011 3 11 17 13 16.637 36.358 207.29
2011 3 11 17 13 17.637 36.292 207.28
2011 3 11 17 13 18.637 36.225 207.26
2011 3 11 17 13 19.637 36.159 207.25
2011 3 11 17 13 20.637 36.093 207.23
2011 3 11 17 13 21.637 36.026 207.21
2011 3 11 17 13 22.637 35.96 207.2
2011 3 11 17 13 23.637 35.894 207.18
2011 3 11 17 13 24.637 35.827 207.17
2011 3 11 17 13 25.637 35.761 207.15
2011 3 11 17 13 26.637 35.694 207.13
2011 3 11 17 13 27.637 35.628 207.12
2011 3 11 17 13 28.637 35.562 207.1
2011 3 11 17 13 29.637 35.495 207.09
2011 3 11 17 13 30.637 35.429 207.07
2011 3 11 17 13 31.637 35.362 207.06
2011 3 11 17 13 32.637 35.296 207.04
2011 3 11 17 13 33.637 35.229 207.02
2011 3 11 17 13 34.637 35.163 207.01
2011 3 11 17 13 35.637 35.097 206.99
2011 3 11 17 13 36.637 35.03 206.98
2011 3 11 17 13 37.637 34.964 206.96
2011 3 11 17 13 38.637 34.897 206.95
2011 3 11 17 13 39.637 34.831 206.93
2011 3 11 17 13 40.637 34.765 206.91
2011 3 11 17 13 41.637 34.698 206.9
2011 3 11 17 13 42.637 34.632 206.88
2011 3 11 17 13 43.637 34.565 206.87
2011 3 11 17 13 44.637 34.499 206.85
2011 3 11 17 13 45.637 34.432 206.84
2011 3 11 17 13 46.637 34.366 206.82
2011 3 11 17 13 47.637 34.299 206.81
2011 3 11 17 13 48.637 34.233 206.79
2011 3 11 17 13 49.637 34.167 206.78
2011 3 11 17 13 50.637 34.1 206.76
2011 3 11 17 13 51.637 34.034 206.74
2011 3 11 17 13 52.637 33.967 206.73
2011 3 11 17 13 53.637 33.901 206.71
2011 3 11 17 13 54.637 33.834 206.7
2011 3 11 17 13 55.637 33.768 206.68
2011 3 11 17 13 56.637 33.701 206.67
2011 3 11 17 13 57.637 33.635 206.65
2011 3 11 17 13 58.637 33.569 206.64
2011 3 11 17 13 59.637 33.502 206.62
2011 3 11 17 14 0.6375 33.436 206.61
2011 3 11 17 14 1.6375 33.369 206.59
2011 3 11 17 14 2.6375 33.303 206.58
2011 3 11 17 14 3.6375 33.236 206.56
2011 3 11 17 14 4.6375 33.17 206.55
2011 3 11 17 14 5.6375 33.103 206.53
2011 3 11 17 14 6.6375 33.037 206.52
2011 3 11 17 14 7.6375 32.97 206.5
2011 3 11 17 14 8.6375 32.904 206.49
2011 3 11 17 14 9.6375 32.837 206.47
2011 3 11 17 14 10.637 32.771 206.46
2011 3 11 17 14 11.637 32.704 206.44
2011 3 11 17 14 12.637 32.638 206.42
2011 3 11 17 14 13.637 32.571 206.41
2011 3 11 17 14 14.637 32.505 206.39
2011 3 11 17 14 15.637 32.438 206.38
2011 3 11 17 14 16.637 32.372 206.36
2011 3 11 17 14 17.637 32.305 206.35
2011 3 11 17 14 18.637 32.239 206.33
2011 3 11 17 14 19.637 32.172 206.32
2011 3 11 17 14 20.637 32.106 206.31
2011 3 11 17 14 21.637 32.039 206.29
2011 3 11 17 14 22.637 31.973 206.28
2011 3 11 17 14 23.637 31.906 206.26
2011 3 11 17 14 24.637 31.84 206.25
2011 3 11 17 14 25.637 31.773 206.23
2011 3 11 17 14 26.637 31.707 206.22
2011 3 11 17 14 27.637 31.64 206.2
2011 3 11 17 14 28.637 31.574 206.19
2011 3 11 17 14 29.637 31.507 206.17
2011 3 11 17 14 30.637 31.441 206.16
2011 3 11 17 14 31.637 31.374 206.14
2011 3 11 17 14 32.637 31.308 206.13
2011 3 11 17 14 33.637 31.241 206.11
2011 3 11 17 14 34.637 31.175 206.1
2011 3 11 17 14 35.637 31.108 206.08
2011 3 11 17 14 36.637 31.042 206.07
2011 3 11 17 14 37.637 30.975 206.05
2011 3 11 17 14 38.637 30.909 206.04
2011 3 11 17 14 39.637 30.842 206.02
2011 3 11 17 14 40.637 30.776 206.01
2011 3 11 17 14 41.637 30.709 206
2011 3 11 17 14 42.637 30.642 205.98
2011 3 11 17 14 43.637 30.576 205.97
2011 3 11 17 14 44.637 30.509 205.95
2011 3 11 17 14 45.637 30.443 205.94
2011 3 11 17 14 46.637 30.376 205.92
2011 3 11 17 14 47.637 30.31 205.91
2011 3 11 17 14 48.637 30.243 205.89
2011 3 11 17 14 49.637 30.177 205.88
2011 3 11 17 14 50.637 30.11 205.86
2011 3 11 17 14 51.637 30.044 205.85
2011 3 11 18 14 45.637 30.003 3.2092
2011 3 11 18 14 46.637 30.069 3.1948
2011 3 11 18 14 47.637 30.136 3.1803
2011 3 11 18 14 48.637 30.203 3.1658
2011 3 11 18 14 49.637 30.269 3.1513
2011 3 11 18 14 50.637 30.336 3.1368
2011 3 11 18 14 51.637 30.402 3.1222
